ID	 sex	CentSize	SF	IF	SP	IP	T	O	LOS	PCS	CS	SyF	STS	POS	PC1	PC2	PC3	PC4	PC5	PC6	PC7	PC8	PC9	PC10
1	2	387.3681998	29.35005792	23.31014435	16.03052033	22.98316631	30.69117179	7.669796595	5.783862186	7.791188263	21.12926834	21.37772901	30.90646393	16.96346834	-0.00933	0.02054	-0.0048	-0.00072	-0.01923	-0.0279	-0.00796	0.03112	-0.01109	0.02021
2	1	384.8173362	30.89029324	22.81012178	14.87175236	23.02411206	30.47499914	10.87661055	5.643750082	8.783243374	21.80245238	17.56341901	30.50408978	19.03370977	-0.04368	-0.01636	-0.0311	0.02174	-0.02363	0.04285	-0.01465	0.01066	-0.00071	-0.00849
3	1	416.9463019	29.37690702	22.89839313	15.50611347	23.58588293	30.43724734	11.5599167	5.878792991	8.337907624	20.12687515	17.81369969	31.97746565	19.84190582	-0.02228	-0.00597	0.00513	0.03484	-0.00155	0.03973	-0.01736	-0.02572	0.00406	0.02412
4	1	407.5452639	30.23428674	23.77823794	18.6226295	23.0662796	31.38881884	6.461658221	6.192227224	6.369440218	19.21314324	20.81789181	30.31500781	17.28878735	0.00102	0.04742	0.0043	-0.0008	-0.0087	-0.00942	-0.02371	-0.00432	0.00504	0.03167
5	2	400.1064362	30.21829664	22.80453607	15.78813949	23.76989106	30.52739983	8.960556871	5.449149739	7.786762559	19.9663251	18.56637984	29.93220298	17.55727425	-0.01768	-0.01314	0.02247	-0.00458	0.0103	-0.01884	-0.00888	-0.01821	0.00086	0.01872
6	1	421.6397116	30.51045574	23.92799113	15.1633614	25.19144422	32.80116836	11.47956911	7.035867517	9.052033388	18.10546394	19.51034294	32.35720435	21.57507782	0.01736	-0.00412	0.04476	0.05474	0.03641	-0.00419	0.01281	-0.01973	0.01528	-0.00766
7	2	384.1557971	29.04062591	21.70742343	16.81504567	25.74567846	32.45897769	10.54435955	8.401385256	7.299453125	19.98910526	17.42432158	28.34196341	18.47507975	0.0227	-0.01113	0.04748	-0.00739	-0.01908	-0.02131	0.00694	-0.02288	0.00608	0.01387
8	2	403.1519769	30.36172877	23.88687043	16.21737878	23.54978708	31.5113104	10.59688879	7.554045294	6.791418059	18.27009731	21.90725007	32.66849146	19.06165086	0.02588	0.0058	-0.00786	0.02712	0.03276	-0.00317	0.03228	-0.03485	-0.0154	0.00876
9	1	432.9132681	29.5960128	21.90432808	16.25887391	25.15973231	30.85211201	9.807575504	7.128460128	7.147098532	19.65179126	19.09553677	30.46588866	16.64767399	-0.00812	0.00398	0.01921	-0.01035	-0.01072	-0.0071	0.01297	0.00817	-0.01481	0.00689
10	1	399.3172876	29.37129328	23.38883649	15.36833025	23.13246667	30.94965198	13.85893108	6.060155457	5.978253353	19.23158276	18.90412466	29.34270287	17.97332842	0.00183	-0.01885	0.01953	0.00422	-0.01353	0.02354	0.0105	0.02354	-0.01212	-0.03139
11	2	404.3750902	31.41067018	22.54788049	15.38029138	22.61150596	29.98942946	11.19524427	6.506317897	7.95526884	20.72030055	20.12416897	31.74957545	17.54377172	0.00252	0.00169	-0.02566	0.01105	0.00535	0.02148	0.00627	-0.02075	-0.00807	-0.00164
12	2	365.0215149	29.7040222	22.84672307	15.52505131	23.56119112	30.76938488	10.89223482	6.317075177	8.561998105	19.5528492	15.72310309	30.46661151	18.12977787	-0.04975	-0.04871	0.02323	-0.0018	-0.0036	0.00712	0.00101	-0.04177	0.02177	-0.00438
13	2	395.0122337	32.15560737	24.43207929	12.29990642	21.7593251	31.1090196	10.61181804	5.775998035	7.62704637	20.16966015	20.9634734	31.84477073	18.50760963	0.02113	-0.00989	-0.04417	0.00128	0.01349	0.00348	-0.00898	-0.00132	0.0045	-0.0062
14	2	399.3547	30.45136784	23.27780564	14.5573244	23.04994976	30.21104158	12.43842914	6.744436913	6.112576681	20.66606725	20.96324466	31.25184165	18.1425546	0.05893	-0.03228	-0.02659	0.01036	-0.01914	0.00084	0.02754	0.00632	-0.00921	-0.00979
15	2	390.1050898	30.04012714	22.87768455	13.18437634	24.25534393	29.77615278	12.62027239	5.482311476	6.981081918	19.76206391	18.34029738	28.76300558	18.39531083	0.00682	-0.0273	-0.00412	-0.01244	0.01369	-0.00168	0.02055	0.0251	-0.00043	0.02093
16	2	415.8416721	29.28637727	23.31576581	16.6228175	23.40215437	31.07030117	9.838451045	6.552413532	5.70432708	19.07446925	19.10520451	31.89408186	16.69323515	0.03859	-0.00555	-0.00544	0.00935	-0.00514	0.01191	0.02193	-0.00258	-0.0172	0.0107
17	1	425.765072	30.60673937	21.67403948	16.43932996	24.94827391	31.52638501	9.01376703	6.684758413	6.746336912	19.21090006	20.35616972	30.77089467	16.38335553	0.05012	-0.02004	0.02346	0.01611	0.01661	0.00029	-0.03263	0.02599	-0.00905	-0.00292
18	1	409.11615	27.86599656	20.95269299	16.62705733	24.05057546	29.87452373	10.92637459	7.12446076	6.840736193	20.10631623	16.49734054	30.73107339	17.63818745	-0.03065	-0.03724	0.01234	0.00239	-0.03069	0.01605	0.01739	0.00682	0.00058	0.02246
19	2	401.927986	30.04641311	23.10209209	13.94869159	23.74200919	30.5773206	11.57335921	7.103634475	6.682278325	19.77286987	19.11801494	29.23014618	17.16995562	-0.00345	-0.00967	-0.01271	-0.02337	0.00011	0.01268	0.02181	-0.00155	-0.00847	0.00417
20	2	399.6394339	31.98839247	23.69178121	14.03690441	21.0981466	29.26811549	9.625337262	7.104459489	7.487369858	19.63331918	20.49517732	29.83586413	16.96091695	-0.02053	0.00742	-0.0332	0.02827	0.00504	-0.02519	-0.01206	-0.00281	-0.0166	-0.01263
21	1	385.0823621	31.68547617	23.63913881	15.14709984	23.55208674	32.57562085	9.531363468	7.464192014	9.684598076	19.08043946	17.43274191	29.9932087	19.48197152	-0.04467	-0.0247	0.00937	0.02143	0.0132	-0.01561	-0.0119	-0.02956	0.03371	0.00334
22	2	382.264862	30.63372542	22.59160481	16.25462005	23.15361044	30.12036046	10.28875087	7.561312054	5.894258208	20.88593998	19.62416966	30.72078863	19.53387594	-0.0214	0.01008	-0.01587	0.01635	-0.02546	-0.00805	-0.00107	-0.02932	-0.01074	0.00019
23	2	386.1380635	31.38890713	22.34855732	15.70593427	24.79388228	32.55456713	10.05685972	6.434237239	7.725353734	19.58000515	19.06428238	28.63788671	18.05344729	-0.01739	0.01313	0.02551	-0.0162	0.03153	-0.00662	-0.01007	0.01307	-0.00774	0.00037
24	2	394.3493892	30.5590003	22.03428119	17.03436744	23.33042471	30.27422723	10.83588881	6.374354052	6.316302564	20.65451795	18.75701271	30.70299793	18.08048641	0.03898	-0.0245	-0.00427	0.0188	0.00422	0.02601	-0.00446	0.00207	-0.00288	0.01238
25	1	415.2881612	31.16065076	22.13978776	14.7981472	23.90048881	31.2737726	9.410323646	7.209005499	7.491952222	20.48053533	19.02669864	27.03445919	16.40275569	0.00469	-0.00512	0.00372	-0.01849	0.00821	-0.02073	-0.01065	0.00333	0.01273	0.00459
26	1	425.0236416	30.94471042	23.20551718	15.48026414	23.19130238	31.46316439	10.87839323	6.749543894	7.017992586	19.00650347	19.63884649	29.69933191	18.36341532	0.04508	-0.01241	-0.00341	-0.01161	0.00551	0.01315	-0.00073	-0.00215	-0.00681	-0.00661
27	2	397.2450692	30.69803701	22.61239449	16.02758894	24.75409302	31.11801915	11.65274492	8.210862254	7.320279698	19.77500143	16.97122739	29.12347902	18.85104813	-0.00787	-0.00541	0.0421	0.00033	0.00948	0.01302	-0.01523	-0.0277	0.02107	-0.00253
28	2	391.3344981	30.67730792	23.32241523	14.28191001	21.83649534	30.9942636	12.26704189	5.669603677	5.531140171	20.32669724	17.53643623	30.86067309	18.83852756	0.00719	-0.01937	-0.02517	0.00904	-0.01041	0.01713	-0.00606	-0.0043	0.0082	-0.0062
29	2	403.8007229	31.06715098	24.08397815	13.71546874	22.22410042	31.27134946	11.44625429	6.832132129	6.387441013	18.5885124	19.58769698	31.65969179	17.86906751	0.02511	0.0097	-0.02876	-0.01094	0.00312	0.02529	-0.00034	0.00269	0.00147	-0.00499
30	2	402.7512327	29.61882304	22.36108496	16.10572398	24.39124012	31.66386353	12.04321908	4.885701219	6.874564211	20.086612	19.36798054	31.0019601	18.79003431	0.00513	0.02328	-0.00001	-0.00805	-0.0036	0.03706	0.00707	-0.00189	0.01767	-0.00394
31	1	403.6786825	30.51671854	22.49200722	16.20954289	24.01939902	31.24096223	10.00216184	6.561059327	7.016937256	20.25045221	17.43502827	29.72374446	17.37543001	-0.0128	-0.02798	0.00907	0.00063	0.01337	0.00855	0.00605	0.00678	-0.01505	0.00281
32	2	396.0671003	28.78702545	23.22760818	14.96212644	22.44215779	30.63905456	12.51224054	6.226139771	8.486765075	18.98333724	16.75039619	29.29304143	17.77206046	-0.04802	-0.0295	0.00218	-0.00738	-0.00541	0.00935	0.02333	0.01594	0.00055	-0.00114
33	2	405.8091359	29.09374053	22.99329311	16.43296502	24.33946547	30.86122008	8.966280787	6.815207978	7.676869543	19.32009028	19.92589007	30.10922288	17.50565703	-0.0195	0.01178	0.00465	0.01468	0.00909	-0.00288	0.00892	-0.00657	-0.02005	0.02195
34	1	415.7346368	31.37275779	22.9831048	14.96664094	23.97196292	31.69360886	8.785923371	6.978561151	6.490315484	20.15498592	18.56984882	30.44675079	17.89688104	-0.00426	0.00042	-0.00704	-0.01252	-0.00266	-0.00596	-0.02195	-0.01406	0.00272	0.01488
35	1	402.1295266	32.04652164	22.44280344	14.27070276	22.38146802	30.05956701	9.860866198	7.850918128	5.882149016	19.43937169	20.24766556	29.49260496	16.05054081	0.01359	0.00273	-0.01522	-0.02105	-0.00342	-0.01197	-0.025	-0.01139	-0.02147	0.00419
36	2	375.703565	30.57465709	22.96114529	14.63358524	23.54910297	31.67550287	8.5906564	9.202468725	8.095883865	20.10242471	18.93130416	29.84426026	18.37530676	0.02931	-0.04562	0.01329	-0.0116	0.01103	-0.03078	-0.02189	-0.025	-0.01189	-0.00555
37	2	372.081064	31.05405931	23.65316831	15.59357736	23.47264218	30.41496486	9.492000194	6.44884271	7.38861308	20.00462021	19.91469013	27.34745735	18.12350273	-0.01586	0.02088	-0.00471	-0.01045	0.00191	-0.03433	-0.00401	-0.01851	0.00962	0.00992
38	2	403.0857579	31.46066564	24.0822673	15.74290294	22.85816711	31.52545882	9.856753306	8.052622062	7.057083612	19.57577923	19.17448685	31.38570038	17.85674672	0.03475	0.02616	0.00821	0.01279	0.01706	-0.01313	-0.00957	0.00016	0.01873	0.00118
39	2	379.8779047	30.53234901	23.55829889	16.36700891	23.47473897	30.51637852	10.70264047	6.962125283	8.324037085	19.61700486	18.13832855	28.64256595	18.59105792	-0.03043	-0.01473	0.01445	0.04187	-0.02031	-0.01773	0.00276	0.00502	-0.00884	-0.01072
40	2	386.424528	29.78805699	22.37845561	16.16988148	24.39554591	31.55113735	11.50550021	6.008316474	7.713958838	20.8304113	18.68325685	31.95244906	17.71077785	0.01361	0.01853	0.00682	0.01411	-0.02685	0.00868	0.01281	0.00493	0.00049	0.00322
41	2	387.8320573	31.66833717	23.77907656	13.85270619	21.89807911	30.66309962	10.91182152	6.18767159	7.15399592	19.95740694	19.21179135	31.87127203	19.70829236	0.00868	-0.02574	-0.04492	0.01768	0.02602	0.01337	0.01557	-0.0136	-0.00713	-0.00881
42	2	388.3303173	29.57845427	23.49729087	16.21999949	24.3635636	31.5393404	11.97633498	6.61746383	7.432318446	19.98151512	18.3858213	29.97706848	19.44142227	-0.01313	0.00165	0.00986	0.00356	-0.00033	0.01388	0.01462	0.00403	0.01104	0.00851
43	2	396.3972121	30.53709894	24.93472588	16.73851152	21.02920082	30.55458667	8.054677596	6.358285551	5.496421524	20.04706171	18.38129404	30.61903228	16.9137955	-0.01103	-0.01062	-0.00985	-0.01585	0.00556	0.0041	-0.01584	-0.03064	-0.02425	0.01647
44	1	402.5834225	30.3232463	23.30406892	14.61386035	24.4183799	31.36720523	11.25759389	5.043246895	8.742504814	19.88200479	18.77218633	29.67965061	18.49420238	-0.05048	0.00849	-0.00231	0.00927	-0.00501	0.00372	0.01947	0.0105	0.01691	0.00017
45	2	397.4968632	32.12764873	22.83801506	14.93141668	23.64160164	31.00726191	9.84735304	7.584126586	8.254232996	20.62946439	15.90789783	30.43142621	18.94469645	-0.02263	0.00185	0.00374	0.01115	0.00809	0.01091	-0.02182	-0.0155	0.03529	0.02197
46	1	392.8716202	30.31224424	24.41415777	16.7281431	22.20647476	32.20902591	10.72664955	5.113316987	7.441901847	19.29328387	20.78316992	32.1542252	16.79361123	-0.00145	0.03324	-0.0078	0.00245	0.01291	0.0019	0.01094	0.0054	-0.00521	-0.00704
47	1	425.9069889	29.10170604	22.06751599	18.61979234	26.22810296	31.64750997	9.66553051	9.388921717	7.146867445	19.07306119	18.93165225	28.64237913	17.61755661	0.00304	0.01123	0.05804	-0.02675	-0.01246	-0.01825	0.01076	-0.02764	-0.02384	-0.00766
48	1	414.0757783	29.83322885	23.30666117	13.58890802	23.30045811	30.38482561	12.13534167	5.693988844	6.490720128	18.2095927	20.85425747	28.82988871	19.54581835	0.00331	0.0324	-0.04136	0.03519	0.00487	-0.03083	0.03406	0.01122	-0.00455	0.00882
49	2	390.7922922	29.3485567	23.51256225	17.24225904	23.71470502	31.49098041	9.051532708	8.335612563	6.840478864	18.79873096	20.32526096	32.04591109	16.9412963	0.06135	0.02351	0.02014	-0.00549	0.00022	-0.01565	-0.0011	-0.01912	-0.00122	0.00921
50	1	431.3863861	30.88724356	24.02349793	14.56952538	24.03269699	32.56739418	11.80016922	6.459525369	7.310530792	18.44925472	21.57854116	30.81930727	17.27095637	0.06373	0.03484	0.00936	-0.01959	-0.0023	0.00018	0.00125	0.01706	0.00343	-0.01968
51	1	407.7650803	29.87999148	21.9434421	15.9121317	24.70736136	31.86125325	10.5002286	6.645682318	7.391182425	20.10556753	20.45584101	29.42661782	17.90430271	-0.02093	0.03242	0.00695	-0.01019	-0.0087	-0.01292	0.00415	0.01123	-0.00376	-0.00635
52	2	390.4697486	31.75577445	23.90633929	14.35012046	21.42585524	30.97946982	11.35495569	7.98035801	8.642116277	20.33254105	21.52834685	30.25713924	18.38908708	-0.0298	0.00373	-0.01039	0.03112	0.0307	-0.0201	-0.01193	0.02431	0.02133	-0.02549
53	1	410.6828263	31.41857546	22.37116168	14.88427221	23.46760013	30.39506392	11.54426914	7.589395523	8.159208558	20.75549537	18.39785427	30.70251072	17.90340868	0.01356	0.0006	0.01203	0.01068	-0.03856	0.00637	-0.01825	-0.00399	0.01202	-0.01716
54	2	382.3700427	30.40993178	21.26267451	15.60223777	25.04241439	31.80147587	12.00008332	5.588023167	7.938747013	20.42811984	18.57579418	28.23294799	17.74492343	-0.00939	-0.04241	0.01842	0.02154	-0.00723	0.00528	-0.00226	0.02224	-0.00593	-0.02545
55	1	412.5254776	30.50811902	21.27595571	16.03798965	24.45350505	30.53214755	10.42175732	5.393416325	7.178946476	21.37191389	17.49702947	28.62275368	16.21656822	-0.02977	-0.03413	0.01817	0.00092	-0.04483	0.00394	0.00207	0.02659	-0.00061	-0.00488
56	2	391.3914339	29.87801108	22.26274437	19.0583471	24.22967073	29.64391313	9.516676262	8.343960058	7.338598153	19.70182091	19.39718244	27.9118051	17.30630231	0.00407	0.00085	0.01748	0.02153	-0.01333	0.00528	-0.0049	-0.03152	-0.01445	-0.00746
57	2	381.0392812	29.84276528	22.90366576	17.62596633	22.86534229	30.17988053	11.42175945	6.679844231	9.147932247	20.93438662	19.26032397	30.0860834	18.72315988	-0.01694	0.00778	-0.00232	0.01681	-0.0251	0.01329	0.00418	-0.01139	-0.00481	-0.00245
58	2	385.6278723	30.59999176	23.11200506	16.74158599	23.08319927	31.51545338	9.236446401	6.021896835	7.444648022	19.38705258	19.97151686	30.5642298	17.82001696	0.0313	0.0001	-0.00401	0.03253	0.01025	-0.02682	0.00056	-0.00656	0.00724	0.0064
59	2	409.3956865	31.52097304	21.83247004	14.89161527	23.81876136	31.49335594	11.30074611	6.86499269	6.930486043	19.76472475	19.18789713	30.67072381	17.30844668	0.03399	-0.03197	0.01614	0.00628	0.01849	-0.01046	-0.00028	0.02024	0.00469	-0.0002
60	2	371.2246201	31.35398776	21.87308807	15.01649206	22.77113175	30.51539874	10.70349868	5.686496246	8.313936474	22.66505494	18.84798924	28.85924241	18.66507174	-0.02365	-0.02132	-0.02546	0.00144	-0.02228	0.01177	-0.01535	0.00417	0.01162	-0.00023
61	2	384.1791627	30.27508962	21.9177348	14.79779767	23.34360942	30.74586904	10.59371623	7.013047812	9.000534834	20.46071239	18.37722063	30.08200371	18.01791939	-0.00362	-0.02754	0.01403	0.01364	-0.01854	0.00723	-0.04747	0.00113	0.00263	-0.016
62	2	392.8346321	31.02536789	23.31051491	14.28989861	20.78203344	29.49851857	11.45143776	7.181767577	6.334478484	20.8536202	19.05262268	31.9788901	18.14885444	0.01173	-0.03334	-0.02977	0.02936	-0.02551	-0.014	0.01201	-0.01186	-0.00594	-0.00894
63	2	401.3694526	30.21656291	22.25394696	14.89455114	22.36391945	30.23746661	9.673714785	6.964667976	6.235755672	20.83805162	18.54136205	30.18984241	18.47526575	0.03881	-0.06007	-0.02656	-0.00141	-0.01009	0.01053	-0.00756	-0.01506	-0.00893	-0.00646
64	1	422.106644	30.19952831	22.40106577	15.38330888	23.05749393	30.40598003	12.60632025	7.732138879	6.11405717	20.12312896	18.55498218	31.13084301	19.3685736	0.03344	-0.00936	-0.00042	0.02978	-0.02564	0.02285	0.01336	-0.00845	-0.00133	0.0062
65	2	372.0021131	30.54412485	22.81084742	14.88927191	21.37922919	29.88540008	10.23519822	7.164187585	9.099710432	20.27196587	17.50380442	31.45268104	17.79388606	-0.00319	-0.06093	-0.00129	0.02244	-0.00223	-0.01395	-0.0154	0.00532	0.01681	-0.0137
66	2	403.9643542	30.90682157	23.12047556	14.77935176	22.69621177	29.99386575	10.63001643	6.206539081	6.171600892	20.67122145	18.15870801	28.25493298	16.41434637	-0.00625	-0.04476	0.00198	0.02108	0.01344	-0.01559	-0.00136	0.01232	0.00427	0.01331
67	1	391.8930694	30.27389586	23.15202895	14.70137329	22.55702501	31.10478852	11.9392763	5.417419466	7.595339616	19.71246563	21.60568609	31.09704253	18.02369424	-0.01367	0.05542	-0.02374	0.00407	-0.00377	0.00607	0.01664	0.00715	0.01952	0.00161
68	1	405.752458	31.20841515	23.33498885	13.82911196	23.12101893	31.49958788	11.50260868	7.449285327	6.023868552	19.28144395	18.67962719	30.28744036	18.81142885	0.006	0.00706	-0.00191	-0.02575	-0.00891	0.0024	-0.01519	-0.0127	0.01033	-0.00848
69	1	417.9063289	28.82158594	20.39096309	18.19376883	25.79603681	30.12405605	9.930318564	6.349616137	7.764354624	20.36243187	20.58195936	30.40843128	17.54957858	0.05773	0.01698	0.02207	0.0159	-0.01292	0.03897	-0.0138	-0.01872	-0.01226	0.0168
70	2	392.9170471	32.7131935	22.92606675	14.01580515	24.878788	31.77628512	10.18751111	6.828950682	6.981307097	19.8357374	18.93466098	31.40931255	17.48245206	0.02782	-0.015	0.00937	-0.00024	0.02265	0.01472	-0.02878	0.00803	-0.00978	-0.00391
71	2	395.3176463	30.25942339	22.10909509	17.45862608	23.5053592	30.63881947	8.702410786	6.066832644	7.772976776	19.56601743	20.14639011	31.41691975	16.55504754	-0.00366	0.00482	0.00543	0.02242	0.02519	-0.00249	-0.00479	0.00337	0.0051	0.03104
72	2	416.5469551	30.63475464	23.81949416	16.79410588	22.50973123	29.94402185	7.427300372	6.266387902	4.930839665	20.25599231	19.00103395	29.41390598	16.17784834	-0.01164	0.01418	-0.0161	-0.01307	-0.01034	0.00186	-0.025	-0.00531	0.00008	0.03499
73	1	414.0861844	31.15886781	22.67610076	15.63947104	22.27698774	29.93173098	9.218182159	7.38197942	7.215793024	20.42245949	19.2913742	30.11360779	17.7104447	-0.02685	-0.00352	-0.02793	-0.00556	-0.0102	-0.02566	-0.00999	-0.00858	-0.01792	0.02506
74	1	411.1673755	31.97163305	24.51721934	13.06054745	24.30538454	32.4521466	10.83868681	6.958520675	8.079346057	19.29468966	20.39973003	31.46576179	17.71016048	0.02953	0.00986	0.00215	0.00723	0.02888	0.00401	-0.01539	0.02628	-0.00325	-0.00155
75	2	395.9434166	29.93580619	23.54582534	16.68187889	22.49725822	30.87076289	9.835045232	6.005906984	6.652976756	19.94883509	20.43416499	31.55308359	16.6160569	0.0482	-0.00056	-0.00865	0.00666	0.0087	-0.01404	0.00645	0.00342	0.0004	0.01008
76	1	390.3634078	29.74946932	21.72382907	14.3671713	24.36888896	30.86653468	12.29385416	7.429585212	8.787172339	20.31299679	19.75690519	30.27968611	18.97096728	0.00894	0.00794	0.0067	0.00136	-0.01999	-0.00749	0.01395	-0.02106	0.02413	-0.00786
77	1	430.4038393	30.50904455	22.38821712	15.12075537	24.29957139	30.24786999	10.44546226	5.0752816	6.874475535	19.90939442	19.57962084	28.35158096	17.97820925	-0.02512	-0.01628	0.01222	-0.00496	-0.00104	-0.00701	0.0017	-0.00718	-0.02149	0.0068
78	1	390.6527291	32.00273925	23.32473391	14.31319082	22.28980531	30.74150075	8.866376781	9.385755018	8.790742984	18.97271828	21.19086341	31.4781847	16.04586602	-0.02082	0.02054	-0.02121	-0.00159	0.02411	-0.01566	-0.02283	-0.01328	-0.00452	-0.02317
79	2	390.5626113	31.67415118	22.9817638	13.41508726	22.85026092	32.35880275	10.84941085	6.036768965	7.536433218	19.47275694	17.65884254	31.94043906	19.11997237	-0.01736	0.00399	-0.01085	-0.01321	0.01921	0.01707	-0.01233	-0.014	0.05108	0.00248
80	1	434.6896358	30.11819465	23.06393284	14.40063836	22.09293055	30.84944153	8.910267734	5.849357967	6.039574703	19.48324551	19.3319671	30.43440505	15.60337122	0.03928	-0.01335	-0.01569	-0.03363	0.01912	-0.00604	-0.01488	0.00878	-0.00621	0.02686
81	2	400.2659389	30.31996589	23.42286761	15.17738119	22.53877413	30.69759864	9.850046063	6.984841931	7.03935439	20.5818211	19.01535979	27.97917188	18.03961559	-0.0371	-0.04333	-0.01057	-0.01168	0.01473	0.00808	-0.00824	-0.01734	-0.00386	-0.00509
82	2	387.0013004	29.15896031	22.00443585	16.23339408	24.32465979	30.95783066	11.39672976	6.767214499	7.112134133	20.2009828	19.37290071	31.0645261	17.38418043	0.00387	0.00453	0.00678	0.01887	-0.01688	0.00636	0.01657	0.00189	-0.00357	-0.00105
83	2	384.8239029	29.85283208	22.85034361	15.39630877	23.03774863	30.81482567	10.65510731	7.704032454	6.212981315	19.75913072	20.82791058	27.41815245	16.93597294	-0.03033	-0.01453	-0.01429	-0.02197	-0.00024	-0.01582	0.00644	0.01673	-0.01698	-0.01168
84	2	399.5977913	30.05790459	22.78724189	17.84805465	24.20096752	31.91045748	11.75276517	6.896613221	7.728475985	19.59145386	21.65017042	31.47856476	18.0429117	0.05687	0.04669	0.03181	0.01505	0.00534	0.00546	0.0148	0.00434	-0.00481	-0.0246
85	2	384.8054977	30.84169058	22.54014459	14.59585277	22.6955859	30.27801224	10.95747795	6.567254989	6.132822594	20.49407843	19.35383828	30.360893	16.88149697	-0.04249	-0.00092	-0.00359	-0.00668	0.00078	-0.02003	-0.02041	0.00495	-0.0008	-0.00652
86	2	406.3558365	31.09525881	22.32713827	15.33564887	23.60874443	31.80309019	10.08121103	6.39553145	5.885347104	20.50349329	18.79859191	30.60015952	16.73622926	0.02991	-0.03576	-0.00593	-0.00291	0.01272	-0.00748	0.01628	-0.00452	0.00753	0.00882
87	1	421.8046915	30.35105246	24.22301637	15.95600247	23.0377017	31.57181359	11.1889217	6.008391565	6.379441736	17.47537534	22.83205032	31.83549883	17.98102057	0.03758	0.04515	-0.00121	-0.00688	0.04967	0.01171	0.01196	-0.01649	-0.00552	-0.0081
88	2	385.102416	31.88373111	22.5355443	15.46183747	23.21367596	31.46014177	10.06600978	1.44861407	7.517125645	21.17731613	18.45561076	31.30084673	18.45835328	-0.02376	-0.02008	-0.0306	-0.0181	0.00421	0.03504	-0.01435	0.00261	-0.01431	0.00897
89	2	371.6970372	30.36137311	23.66354779	16.84901536	22.7019752	29.8961674	9.922317777	6.383285377	8.265119677	20.53096072	20.89164743	30.70117129	17.1027143	0.02167	0.02825	-0.00147	-0.00009	-0.03269	0.00027	-0.02862	-0.00564	0.02549	0.0018
90	2	384.7589078	29.86928005	23.63846128	15.89419885	21.56540895	29.73672136	9.192462405	6.256979688	6.424612392	19.9216875	19.60121758	30.59411602	17.57846277	-0.03404	-0.01103	-0.02561	0.01478	-0.01932	0.00122	-0.00535	-0.00312	-0.0098	-0.00322
91	2	396.838947	31.88716232	22.77901616	14.16183338	21.87698285	30.08908255	10.4114721	5.537506433	5.999078643	20.24399991	18.86797691	30.59308939	17.29169447	0.00939	0.00542	-0.02203	-0.00681	-0.01255	0.0121	-0.01679	0.00561	0.01884	0.00031
92	2	399.985669	31.4227158	23.83276147	17.77392069	23.44801421	30.4201083	9.92876235	6.685754852	7.242915125	19.732716	20.64583132	29.08956164	18.02196923	-0.03525	0.03732	-0.00663	0.00125	0.01558	0.00216	0.025	-0.02966	-0.02428	0.00115
93	1	400.1183066	32.17135918	23.40884329	14.23188706	22.90629723	31.68936024	9.886251221	5.678383278	7.979820716	19.84302364	20.57463002	28.51505403	17.69050899	-0.04416	-0.0049	-0.01252	0.00124	0.03454	-0.00113	-0.02251	0.00187	-0.00749	-0.02274
94	1	396.4849387	28.49287246	21.85242443	16.71409332	24.04048878	31.35906035	11.08881454	6.564039817	8.042832461	20.21190888	20.68719098	32.81822991	19.53993616	-0.00665	0.01692	0.02449	0.02074	-0.01511	0.01761	0.00137	0.00208	0.00287	-0.01476
95	2	389.5085864	31.10101003	22.82782691	13.98557157	23.66095676	31.87051525	12.42888994	7.807509604	6.962309581	20.17726957	17.63617471	30.57508567	18.24552235	-0.00604	-0.01803	-0.00331	-0.02878	-0.00904	0.00842	0.00306	0.0019	0.01668	-0.00894
96	2	397.6716076	29.79763287	23.57967204	16.47727946	22.63961896	31.24874787	10.56460731	5.430758722	6.166037173	18.66672449	18.51189044	31.33309297	17.37661722	0.00168	0.02536	-0.00967	0.00242	-0.00758	0.00305	0.0116	0.0115	0.0099	0.00505
97	1	410.4332238	32.07620568	23.34632112	14.61426284	22.68346622	30.68355156	11.46680165	7.45733892	6.879556084	20.28010206	21.13047288	30.03159173	19.66699358	-0.02233	0.01266	-0.02006	-0.00224	-0.00666	0.01027	-0.02115	-0.01704	-0.01559	-0.0219
98	2	391.9895772	30.21971737	22.89836741	15.70117455	22.06702555	29.54064109	11.06393368	7.789332115	7.387793266	20.89836367	19.4660258	29.46741302	17.85033539	0.01631	-0.01858	-0.01095	0.00287	-0.01627	-0.0054	0.01331	-0.01858	0.00157	-0.01529
99	2	385.8631458	31.92839313	23.75524824	16.07655129	22.75109675	30.05155859	9.920492172	7.317514132	6.828950976	19.89392954	20.58482807	29.26738953	17.04682039	-0.02176	0.01592	-0.02109	0.02414	-0.00296	-0.00871	0.00145	-0.00974	-0.00448	0.00094
100	1	421.4663118	29.34969802	20.86306719	14.63521196	24.60884143	31.402269	10.24807897	6.070059959	6.837639532	18.65561833	20.82276457	29.58659214	17.31687463	0.05283	-0.00139	0.00576	-0.03371	-0.0045	-0.0039	-0.01617	0.00717	-0.00731	-0.00609
101	2	382.4014326	31.58182014	24.69640633	15.87608573	21.59010121	30.11778095	9.088949705	7.48136909	6.946032445	19.04696048	21.00362171	31.02880484	17.22585357	0.02739	0.02763	-0.02944	0.00043	-0.00559	-0.01146	0.00733	-0.01134	-0.00564	0.0008
102	1	427.494204	29.89659149	22.08918911	14.91536387	25.23558446	31.65821267	12.96220418	7.225741073	7.406076963	18.89680869	19.79737727	27.87549743	19.4856286	-0.00977	0.00567	0.03183	0.01035	-0.00418	0.00251	0.0024	0.00302	-0.02014	-0.00894
103	2	388.2647529	32.04792597	24.06107239	13.6280186	22.67784853	31.02929169	12.4637236	8.08560691	7.22020448	20.25296035	17.80252498	29.06118002	18.84012735	-0.01246	-0.02699	-0.011	-0.02278	-0.00093	0.01301	0.018	0.0077	0.00707	-0.01045
104	2	388.1772356	29.1152771	23.67733116	14.57682739	22.3970759	30.84152872	13.02542802	7.711806504	6.906202105	19.59060896	18.58124386	29.78163589	18.56354593	0.01335	-0.01018	-0.00257	-0.00999	-0.01269	0.00145	0.01456	-0.00176	-0.00048	-0.00131
105	1	420.4158089	30.52355287	22.00093663	15.13830907	24.39762549	31.82664103	10.81089412	6.523791197	7.431669488	19.61087214	20.75408189	31.57359001	16.65030062	-0.00599	0.04297	0.00278	-0.03665	-0.01947	0.00927	-0.00478	0.00984	-0.00646	0.00545
106	2	405.3798378	31.26349826	23.89660582	16.50894583	22.43980714	30.38358876	10.3805263	5.023260037	5.778432446	19.41639572	22.11196127	31.13414512	17.10506367	-0.00082	0.03317	-0.01754	0.02239	-0.00671	0.00243	-0.00791	0.02081	-0.02829	-0.01347
107	1	395.4409828	31.55570714	22.87498504	12.15017217	23.23464159	30.31235712	9.65086273	5.802876028	7.360787162	19.63954686	20.06260823	30.41908299	17.8732067	0.01177	0.00743	-0.01772	-0.00071	0.00008	-0.00775	-0.02163	-0.00993	0.02078	0.01855
108	2	381.6795785	29.7396272	22.51753372	13.65166641	24.21435447	30.74108106	12.97229641	7.824497338	8.793703416	20.56418711	17.2300418	27.60388658	18.39165583	-0.01088	-0.04508	0.0109	-0.00309	-0.00521	-0.00925	0.03579	0.00324	0.01469	0.00031
109	1	390.4124557	31.51311595	22.39529312	13.65778299	23.61425389	32.19490053	9.246038826	8.495535559	9.679125244	20.66912668	19.15015022	30.8275945	17.32463685	0.00099	-0.00346	-0.00336	-0.00616	0.01002	-0.02466	-0.01443	-0.0132	0.01494	0.00048
110	2	397.5411453	30.41077005	22.59390536	15.67476753	23.93404527	29.80497128	11.64237741	4.629606914	6.785383937	19.96209729	20.42084886	29.83067907	18.28328832	0.02131	0.01759	-0.00755	0.01872	-0.02943	0.0499	-0.01459	0.01704	0.01197	0.0022
111	2	387.7819642	30.86696343	24.17936849	13.87321264	23.13128674	31.0950589	12.95356628	7.6265014	8.554299218	19.49053139	18.00090199	29.40511214	18.19687614	-0.00565	-0.00281	0.00367	-0.01392	0.01778	-0.01054	0.02693	-0.00002	0.02577	-0.0052
112	2	363.3997099	31.13121495	21.85544136	16.52846658	25.88706338	32.79486465	8.981259178	7.566997898	8.638514631	21.84324368	14.73937482	30.05359543	16.51511833	-0.03893	-0.03872	0.05504	0.00395	0.00931	0.00082	-0.01578	0.00835	0.00836	0.01137
113	2	401.7823204	30.29258003	22.92021992	16.60536142	23.64414598	29.82374059	9.2208697	5.739534509	6.461258546	20.04585943	19.3646083	29.56813761	17.20084359	0.0178	0.02101	0.00085	-0.00309	-0.00639	-0.01589	-0.01623	-0.00072	-0.01454	0.03319
114	1	420.3279947	29.90341084	22.84562289	15.48263274	23.37840465	30.00535778	9.645446544	8.554637285	9.740146013	20.67989594	19.73120686	29.53930461	16.98510529	-0.00622	-0.00265	0.00531	-0.01487	-0.00735	-0.00092	-0.00425	-0.01948	-0.0084	-0.01424
115	1	402.8228854	30.44586976	22.35332606	14.15020539	23.61772059	30.81580116	10.81206036	6.388823348	7.251388777	21.0171716	18.87519503	27.36208552	17.02724249	-0.01871	-0.02168	-0.01652	-0.00109	-0.02625	-0.01734	0.01442	0.01367	0.00494	0.00094
116	2	374.5717212	30.64251142	23.43619585	13.05217651	22.73652472	31.60386903	12.26444855	6.886893838	7.397161572	20.63631702	18.70666215	28.30556526	18.5673271	-0.05177	-0.01797	-0.02297	-0.01875	-0.00351	-0.01443	0.00724	0.01883	0.00669	-0.01337
117	1	416.8810617	32.17273573	23.94502504	15.65256032	22.80689243	31.06587314	9.124596787	7.207788396	6.561427543	19.78437904	20.57605793	30.98979422	17.4973921	-0.02863	0.01254	-0.00637	0.01989	0.01797	-0.01067	-0.00865	0.00072	-0.01426	-0.00041
118	2	391.5290153	32.01639399	23.53340495	14.7187356	22.71398138	30.42519123	11.91337674	6.693809809	7.8763633	19.48524057	20.21739027	29.33642605	17.85390654	-0.02701	-0.00354	-0.008	0.00292	0.021	-0.007	0.00041	0.00305	0.01416	-0.02628
119	2	393.707767	28.9925016	22.60410844	17.97915014	24.6415801	32.24459204	11.38567785	7.318232923	7.861373674	18.33788682	17.69832275	30.22529524	17.97335413	0.01279	0.02703	0.03715	-0.01043	-0.01222	0.00989	0.01541	-0.01056	0.01596	-0.00908
120	1	436.4225374	31.69255014	24.23523159	13.33619794	22.17514396	30.26514969	11.22780267	5.839190061	6.592319753	19.05723391	22.52640925	29.52726886	19.89418272	-0.0153	0.03164	-0.02534	-0.00384	0.01838	-0.01684	-0.00323	-0.00962	-0.00389	-0.00615
121	1	406.2710146	31.26698203	23.32905915	17.23891697	23.47426513	30.76306351	9.671559467	7.044605518	7.916104548	20.66731975	19.3524649	31.04201417	17.21048849	-0.02989	0.00037	0.03229	0.05116	0.0107	0.01291	-0.0332	-0.00282	-0.01071	-0.01587
122	2	389.9882661	30.02840895	22.69732761	15.82770378	24.21328264	32.51433543	11.21019743	7.617723466	6.653340188	19.27547772	18.58000868	27.72845376	16.06675043	-0.01871	-0.00181	0.01066	-0.06217	-0.00865	0.00648	0.01113	-0.00701	0.00514	-0.01106
123	2	381.7479115	31.3257327	23.97449657	14.3249425	22.07454389	31.19024622	11.08437861	6.432783796	6.104114526	19.12304123	20.22699576	28.7490828	17.15599189	-0.02521	-0.00342	-0.01808	-0.0158	0.00243	-0.01397	-0.00981	0.02645	-0.00265	-0.01174
124	2	381.8585817	29.33653728	23.87228073	14.95391639	22.41615308	29.94282231	8.181063882	7.556906109	7.389002291	20.46932715	19.78443067	29.38312026	16.44479867	0.00723	-0.00059	-0.02721	-0.01659	-0.02777	-0.02817	-0.01035	0.00526	0.00697	0.02168
125	1	404.8187771	31.75130961	23.46580536	13.8001242	22.5014871	30.24212189	9.161280782	7.383382433	6.235888258	19.86053509	19.23637175	29.62060567	17.7117279	0.04408	-0.01233	-0.02236	-0.00226	-0.00783	-0.01098	-0.01274	-0.00823	0.01875	0.01442
126	1	407.854382	29.17411211	21.94142174	15.22683988	25.69469667	31.37978163	11.8956787	6.434361896	6.268341359	19.58798512	19.0470057	30.31715121	18.66009184	-0.00578	-0.02513	0.01701	-0.00646	0.00179	0.01545	0.03461	-0.00402	-0.04152	0.01524
127	2	392.2803626	30.03877439	21.57881507	13.99074994	24.37573462	31.04386811	11.12789518	4.342462311	7.164282947	20.32878325	18.2835064	28.50814241	17.08310627	-0.038	0.00359	-0.00896	-0.03861	-0.00174	0.00018	0.00292	0.01981	0.00532	0.02353
128	1	415.6426094	30.11044219	23.5725078	16.42668807	24.15626716	31.40499969	10.32514853	6.458887587	6.165001231	19.12328746	18.65468104	30.79392341	19.55049699	0.00779	0.01797	0.00236	0.00722	0.00047	0.0278	-0.00028	-0.02607	-0.00082	0.01085
129	2	378.246516	30.38829326	23.45341411	16.47841951	21.08553029	29.93890774	8.962794723	4.625990377	7.756584907	21.25447055	20.87864267	31.31305303	17.42524646	-0.0161	-0.00234	-0.04684	-0.0033	0.00025	0.02236	-0.00437	-0.00493	0.00112	0.01343
130	2	393.5790424	32.4137431	23.09357897	15.36583573	22.53311242	30.37094246	11.67387285	7.797634014	7.719250944	20.41430892	19.88153096	29.9012658	17.58264708	-0.01593	0.01064	-0.01141	0.00033	0.00464	-0.00703	0.01396	-0.00119	-0.00572	-0.0096
131	2	399.4577854	28.15540836	23.15894775	18.49900544	24.35921821	31.54870206	11.45275818	8.389383922	7.785161051	19.40904763	17.29081084	29.82887853	19.81663215	-0.04695	-0.00223	0.03121	0.0066	-0.01156	-0.0008	0.02508	-0.04407	-0.00681	0.01197
132	1	412.4030681	29.96646892	22.32147217	15.62955244	23.34042992	30.27872277	10.3234632	5.533118343	7.221332477	20.3802728	19.05051687	30.76561212	16.89697149	-0.0125	-0.00516	-0.01503	-0.00659	-0.01317	0.01721	0.00503	-0.0072	-0.00474	0.00618
133	2	391.1310435	30.20811168	22.5680648	14.91006462	23.92892836	30.94635435	11.55395365	8.427985447	7.290833176	20.06043883	17.22835936	30.89098526	18.46689678	-0.00665	-0.02303	0.0139	0.00526	0.00059	-0.01076	0.0122	-0.00232	0.02026	-0.00587
134	2	404.5570508	31.68073383	23.93106494	14.96721958	22.14553029	30.87911386	9.037687267	6.02916824	6.36119608	18.62629536	18.44797304	29.85648298	15.99474688	0.0026	0.03105	-0.00874	-0.01255	-0.00653	-0.01198	-0.002	0.00934	0.01628	0.03159
135	2	400.5755844	31.59782578	23.67003994	15.74347873	23.43425348	32.12400655	11.66258404	6.284677425	7.488859506	21.42541597	18.22236549	31.16452859	17.19842779	0.00364	0.02267	0.01403	0.00488	-0.00419	0.01423	0.01272	0.01658	0.02061	0.00686
136	1	422.5660825	29.53483687	23.0725635	15.41602509	23.54030743	32.03867273	9.989306467	6.92303811	6.30722809	18.70900222	19.79522318	29.02484262	17.81056482	0.02664	0.0279	-0.00307	0.00108	-0.03062	-0.02056	-0.0004	0.02541	-0.00946	0.00844
137	2	394.5286463	31.52755158	24.33091042	12.0753374	21.29496564	31.71032359	12.64884013	6.042673919	6.813867515	20.34821887	18.59292269	29.99517537	18.43085363	0.01593	-0.02593	-0.02891	0.00163	0.01177	0.01467	0.00066	0.01738	0.0099	-0.00767
138	2	395.3751944	30.51190338	23.27322124	14.60344255	24.12049263	30.94122941	12.37842092	6.034205403	7.715810586	18.86851207	19.42401355	30.45416156	17.37066493	-0.01207	0.00277	0.01096	-0.01919	0.00195	0.02251	-0.0035	-0.01375	-0.01488	-0.01857
139	2	400.1699558	32.49336898	24.66758764	14.74701343	21.4169822	30.64561542	10.56909844	7.580654695	7.784779912	20.17984393	18.36105382	31.37598327	16.45955368	0.01157	0.00229	-0.01043	0.00268	-0.01374	-0.01662	0.00581	0.00173	0.01773	0.0036
140	1	418.9398909	30.25061368	22.71812589	17.48312737	22.64376741	30.11279233	10.22318999	7.677639491	7.031713809	19.9431801	21.24241519	31.36560524	16.43269148	0.005	0.05416	0.00104	-0.00094	-0.014	-0.00541	-0.00039	0.00094	-0.01568	-0.00692
141	1	419.0647491	29.73017919	23.23241791	17.21479956	23.31406078	30.79624211	9.401735087	5.588820365	7.43206322	19.74911329	20.08368982	31.63087198	16.16705323	0.01073	0.03327	-0.01071	-0.01193	-0.01362	0.01702	0.00639	0.0094	-0.00509	0.01975
142	1	426.9934498	30.99576727	23.2791778	14.61831088	23.92553796	31.43757481	9.575070266	5.79022753	6.301663781	18.59154264	20.81385887	30.06529869	16.48443264	0.04533	0.00221	-0.00295	-0.01889	0.01137	0.01668	-0.0282	0.0045	-0.01807	0.00404
143	2	394.7577393	30.05775067	22.74421505	14.74717836	23.26951589	32.05499858	11.8834555	5.308557134	7.452543113	20.43553098	20.36575842	29.19093902	17.76339158	-0.00766	0.00524	-0.02231	-0.02378	0.01026	-0.00585	0.02392	0.00688	0.01114	0.00893
144	2	388.6778304	30.6870402	22.6050383	17.11964609	23.26165765	30.9763714	9.413548509	5.007970387	6.537949729	19.74721802	18.02486862	31.0549764	16.30107152	-0.00137	-0.01026	0.00152	0.00833	-0.0002	-0.00919	0.01176	0.01636	-0.00994	0.02598
145	1	413.6866783	28.68587839	23.46510878	15.0426658	23.71564288	31.52104662	12.33962703	7.539556676	7.213283708	18.54824095	19.56643137	30.94527814	19.69876125	0.02505	0.03625	-0.00568	0.02033	-0.03149	-0.00459	0.01892	-0.01056	0.01759	-0.00576
146	2	401.1659451	30.95839863	24.02562805	13.05931878	22.38600083	30.9411754	12.03496514	8.673903819	7.146952704	20.02968897	19.54947448	29.92277966	18.19040083	-0.00078	-0.01208	-0.0106	-0.0072	-0.00606	-0.0226	0.01823	-0.01365	-0.00624	-0.02369
147	2	386.3380756	29.79259025	23.7010845	15.40921351	22.44654186	30.88729148	12.63260329	6.517101711	6.487230882	18.71182848	17.91017903	29.40266653	18.01171398	-0.03184	0.01712	0.00776	0.00439	0.00044	-0.00663	0.0174	0.00547	0.02457	-0.00014
148	2	393.7275193	30.61006226	22.66845461	15.79956462	21.92714435	29.94863957	11.28695292	7.56096776	7.06463972	20.4902294	18.28271221	31.23028249	16.94658376	0.01233	-0.02756	-0.0023	0.00143	-0.02998	-0.00408	0.0076	-0.01741	0.00094	0.00117
149	1	390.4808295	30.70920414	21.8364212	14.5469789	24.11913779	31.57763153	10.92983405	7.383775757	9.069638067	20.67448364	19.09771794	27.53793805	16.74039777	-0.00548	0.00183	0.00516	-0.01559	-0.01123	-0.01	-0.00171	0.02399	0.01252	-0.00122
150	1	411.2671471	29.87237679	22.39477958	16.17525549	24.48599295	32.39472933	11.11276415	6.089449494	6.212082108	19.27433997	21.10653146	28.91860849	16.80692373	0.03259	0.0042	0.008	-0.01855	-0.00646	0.01209	0.00254	0.0268	-0.01479	-0.01282
151	2	404.4782688	29.97819267	23.33734858	16.00998942	23.13913717	33.08532437	11.66103082	5.74690731	7.184837403	20.25437342	20.1137648	31.72123234	17.8575025	-0.00715	0.02162	-0.00246	-0.00371	0.00442	0.00901	0.01447	0.02634	0.02021	-0.01035
152	1	401.3911185	33.12285002	24.14883745	15.72267784	23.07691951	30.24892911	10.24399333	6.005150349	7.615814554	20.58835848	19.46150203	30.82904773	18.02573453	-0.02814	0.03829	-0.0196	0.05429	-0.01456	-0.00459	0.00128	0.00662	-0.00482	0.00254
153	2	394.2117804	30.81512092	22.31115051	14.97507293	23.97633537	30.48712828	11.07326828	6.294605755	7.415673904	20.13943015	19.34690738	30.33448119	17.65238364	-0.01326	0.01022	-0.0026	-0.00922	0.00098	0.01589	0.00074	-0.00474	0.00156	0.00023
154	2	388.2077916	31.74141701	23.73675788	14.18994429	22.16943179	30.85430418	10.97926857	9.312118056	7.12958721	20.20770175	18.8878758	30.76005311	17.9802318	-0.00139	0.02029	-0.01714	-0.02406	-0.00784	0.00507	-0.00295	-0.00141	0.02731	-0.01291
155	2	384.1358988	31.32923616	23.75254945	15.21979442	22.71193085	31.91651626	10.44149099	6.602215293	7.562286798	19.42275237	18.98452345	30.5651623	17.57628623	0.01373	-0.00013	-0.0032	0.00423	0.02013	0.00848	-0.00397	0.00995	0.00927	-0.00494
156	2	388.7779261	29.24493271	22.60364198	17.20694654	24.24560515	31.47763376	8.907254989	8.238545988	5.565832538	19.67152078	18.47178337	29.88474812	17.51909708	-0.01755	0.00607	0.00967	-0.01474	-0.02551	0.0023	-0.00311	-0.02405	-0.01735	0.01219
157	2	395.1303407	30.07004531	22.09437033	16.29404406	23.29718107	30.77477744	11.27084583	7.656056247	6.551208988	20.35822382	18.64515084	28.2054135	16.15187654	0.00415	0.00217	0.01424	-0.02252	-0.03161	-0.00949	-0.00563	-0.00101	-0.00678	-0.017
158	1	418.8917989	30.80126696	23.31545171	16.01728365	22.57096832	31.25326998	10.07931525	7.745462171	6.707734577	19.83021092	18.17361087	30.64840514	17.93371203	0.03207	-0.01738	-0.00486	-0.00033	-0.00214	0.01379	-0.01358	-0.02164	0.00468	0.00339
159	2	395.2555105	31.56802637	24.49239351	14.94141971	23.07042179	31.88921535	12.83807699	7.921788357	5.29524797	19.05241883	18.69578716	31.7606603	18.6305284	0.04465	0.00662	0.0007	-0.03133	0.01262	0.04343	0.01333	-0.00933	0.0072	-0.01231
160	2	380.2317392	31.84582767	24.10922634	15.73756003	22.0844594	29.64135897	9.592231577	5.749884022	6.836795027	19.51771174	20.33334783	29.91323641	17.91628822	-0.00302	0.017	-0.01585	0.03072	0.00418	-0.00101	-0.00948	-0.00589	0.01367	0.00956
161	1	404.6031077	31.0649487	21.90374609	14.57142835	23.78120099	29.86275351	11.93362504	6.450650671	7.35995125	21.28541401	17.21026602	29.71541103	18.09669384	-0.00847	-0.02937	-0.00165	-0.01129	0.00379	0.03198	-0.01843	0.00528	0.0103	-0.01342
162	2	387.0346196	31.75232745	23.84445528	13.96076739	24.04194632	31.95280048	12.12687881	6.353391518	7.459118165	20.29031097	20.29390598	32.7278056	18.03571522	-0.00947	0.03663	0.00995	0.00172	0.01319	-0.0017	0.00418	0.00267	0.00392	-0.01574
163	2	392.6634918	30.43497444	23.15399239	13.572825	22.46304451	30.43295863	10.08391841	8.002078151	5.546835084	18.96215217	20.39302071	29.13331433	17.37325994	-0.00472	0.00396	-0.0346	-0.00712	0.00385	-0.0238	0.00087	-0.01614	-0.01976	0.00155
164	2	402.4445843	30.7478562	23.56622603	17.58421404	23.14943614	31.42699363	9.576183597	5.724844084	4.848328404	19.43167176	20.37010999	30.14965338	16.37442392	0.02051	0.01694	0.00683	0.01792	0.0257	0.01266	0.00642	-0.00698	-0.01439	0.00907
165	2	386.3984238	30.58779786	23.58989677	15.64764684	23.2195604	31.26669636	12.27769773	7.816638953	6.318852162	20.14781645	17.8037919	30.47792638	17.39652777	-0.00297	-0.01848	0.0091	-0.00681	-0.00409	0.00482	0.027	0.00606	-0.00993	-0.00231
166	1	392.1173441	31.06151658	24.80401452	15.06700534	22.9257175	32.01366608	11.6714992	5.076004925	5.991642688	18.92394342	19.82367593	32.16184435	18.76809057	-0.02227	0.02615	-0.00347	0.00306	0.01492	0.01288	0.02445	-0.00282	-0.02639	-0.0088
167	1	415.4046183	30.91972585	24.4532503	15.83572997	22.65355205	32.06535001	9.257670606	6.692211796	7.473554924	18.38567477	18.13928844	30.04253929	15.60226198	-0.02321	0.01482	0.01865	0.00137	0.03543	-0.01673	0.00463	0.00945	0.017	0.01403
168	2	386.487052	30.90484961	22.03120135	16.35142746	23.88277177	30.72748107	9.541340212	8.185851738	7.288012094	19.59678781	19.66651677	28.49239964	18.19585173	-0.00193	0.01029	0.01197	-0.0045	-0.0081	-0.01353	-0.00116	-0.01245	0.00923	-0.00286
169	2	398.4667416	28.59317532	22.28307856	14.80380851	23.48704761	30.3786111	11.18467769	7.423950443	6.76789088	19.43699748	18.20186609	29.13845943	17.36600736	0.00066	-0.01146	-0.00148	0.00471	-0.04924	-0.01634	0.0008	0.00595	0.0015	0.01038
170	1	401.147389	31.01802948	21.42368241	14.56981237	26.16235094	32.15237434	11.0975265	6.395321668	7.172179416	20.74110148	17.91434445	31.04994603	17.47457547	0.00212	0.01185	0.04125	0.0099	0.00644	0.02048	-0.01808	0.03215	0.00863	0.02192
171	2	391.1050375	31.94301314	22.94281599	14.87875257	24.62313935	31.88731634	8.875734246	6.189029375	7.524572641	21.11049957	18.05056997	29.7156322	17.10557291	-0.0049	-0.0168	0.00718	-0.00705	0.01384	-0.006	-0.01786	0.00274	0.00687	0.02601
172	1	420.3758211	30.86982499	22.55775066	13.37313907	22.69011435	31.48552525	12.89079105	7.416148529	7.596941758	19.31372846	22.11898632	32.00073388	18.08121182	0.01974	0.05912	-0.00396	-0.03618	-0.02702	-0.0056	-0.00146	-0.00227	0.01964	-0.04265
173	2	392.064203	29.20045859	23.29179015	15.12645968	23.41691014	31.45505582	9.517375287	6.192805316	7.248384917	18.8801847	19.73856715	30.65189221	16.84855552	0.05205	-0.06011	-0.01249	-0.00423	0.02236	-0.01662	0.01619	0.00309	-0.01083	-0.00611
174	2	395.1134353	31.54189302	24.02725241	13.8780545	22.90660346	32.67832815	12.27564603	6.290822581	7.725681659	19.50430713	19.04352539	29.8541691	19.00046702	-0.01213	0.01126	-0.00953	-0.00863	-0.00495	0.0053	0.00617	0.00245	0.01206	-0.00854
175	1	421.2180325	30.57198464	23.91670174	16.80887212	21.72971694	30.87355197	9.681324474	6.857601565	6.167672526	18.82149949	20.21489676	30.89756409	16.29248321	-0.00102	0.0298	0.00086	-0.03027	-0.01018	0.00262	-0.02184	-0.00142	-0.01	-0.01671
176	1	385.503915	29.43695977	22.01373024	17.51180853	24.44117068	30.96940318	10.74605393	5.72258378	8.077448696	20.41202504	16.71342587	29.99533041	17.7495635	0.01258	-0.02879	0.02189	0.01907	-0.00677	0.02911	0.00855	0.0176	-0.00414	0.01625
177	1	401.9939637	30.04837937	22.96146746	13.47843154	24.60155908	31.84744754	12.02304582	6.466746158	6.548638176	18.88934735	17.14781079	28.87411298	18.376866	-0.00206	-0.04058	0.01419	-0.01981	0.00741	0.01081	0.0142	-0.0014	-0.00954	0.00035
178	1	410.369604	30.47895553	24.18236605	13.47508377	21.63689519	30.3625542	10.22968667	4.355545141	7.529582359	17.86833677	19.93489033	27.01152609	17.11709418	0.0288	-0.02856	-0.01392	-0.01751	0.02646	-0.01905	-0.00359	0.0238	-0.00076	-0.0028
179	1	419.1431329	30.61256634	21.65674397	16.18337521	25.42966693	31.70462305	10.42262397	8.008257661	7.148570318	20.54828232	19.02587569	29.03918952	17.27613343	-0.00631	-0.00275	0.01559	-0.02259	0.01092	-0.01089	0.01838	-0.01963	-0.01083	0.00414
180	2	384.7288417	30.45613116	23.2478401	13.40383084	23.53607578	31.67443003	13.00409578	4.593225119	7.834706795	20.39657116	17.23068674	29.35876671	18.84845987	-0.03216	-0.02364	0.01407	-0.00329	-0.00237	0.00212	0.00017	0.01787	0.03436	-0.0038
181	1	426.3480663	30.20806829	22.66373085	16.24385511	23.56382361	32.3039067	9.735876624	8.17066546	8.952271677	19.1428373	17.85455198	28.83663835	17.35721994	-0.03716	-0.00183	0.02041	-0.01596	0.0177	-0.00934	-0.01272	-0.00451	0.00267	-0.00649
182	2	385.3530135	30.92199024	22.73592513	17.00270613	24.30378544	31.32803675	11.60264503	6.848164877	8.215860238	19.52093127	19.58037379	29.50108892	18.88992967	0.02149	-0.01789	0.01696	0.05801	0.00565	-0.02465	0.02146	0.02164	-0.00708	-0.01408
183	1	424.2558306	30.71154371	22.41463892	19.03228388	24.1707982	31.43553583	8.500785592	4.835048075	6.729291851	19.67694286	17.63693409	30.27360302	15.45453629	-0.02633	0.02262	0.0273	0.01156	0.00857	0.02215	-0.02935	0.02243	-0.02819	0.0139
184	2	389.8475114	31.76503918	24.13224571	14.43630592	22.60481879	30.68198349	10.5777525	8.906479788	7.090910745	19.38433775	21.23023385	28.66384788	17.29590136	0.05945	-0.00758	-0.00358	0.01348	0.01238	-0.03534	-0.00654	-0.0131	0.00014	-0.00933
185	2	393.8628672	30.54468552	21.70432001	14.45791163	23.76603484	31.9090779	10.74704859	6.46288719	7.804641317	20.10012481	18.27957209	29.94258626	19.41917056	-0.00393	-0.02817	-0.01557	-0.00453	0.01807	0.01329	0.01494	-0.00574	0.02055	0.00331
186	2	411.746238	30.13181738	23.82314339	15.40821822	23.02063789	30.90978597	10.49894895	7.27902695	7.03174204	18.70919304	19.02388381	30.3990812	17.75594477	-0.00812	0.01483	-0.0085	-0.00107	0.01157	0.003	0.0224	0.00386	-0.00883	0.00174
187	2	405.2959075	30.33502942	22.198493	15.87014992	23.64785553	29.96684523	10.33435983	6.051702907	7.26847088	21.22149592	18.19847121	30.77737456	17.44523431	-0.00152	-0.00885	0.00767	0.00519	-0.00009	0.01509	-0.01008	-0.00906	0.00197	0.0146
188	1	407.6372285	31.36438684	23.17717443	15.34605263	22.36903896	30.87978947	11.4321429	8.109138861	7.180316351	19.66779835	18.68146542	29.3020884	17.80618351	0.01372	-0.00048	0.01083	0.02417	-0.01057	-0.01571	-0.02131	-0.00732	0.00142	-0.02181
189	1	412.0591757	30.22506779	22.38356723	15.53149719	23.0456102	31.35546737	10.51915606	6.46247223	7.60463484	19.6017631	19.58728843	29.15205305	17.23020884	0.05007	-0.02278	0.00438	0.00916	-0.00791	-0.01646	-0.00993	-0.00091	0.00687	-0.0122
190	2	410.5202719	30.60540863	22.01825172	15.22654188	25.49192469	32.08100138	11.21932484	3.965275088	7.330151109	20.17345467	21.0831112	31.52022242	17.71581401	0.00927	0.0432	-0.00016	0.00472	0.01413	0.02039	0.00877	0.02931	0.00604	0.01958
191	2	391.7241845	29.56486232	21.77853742	16.15910422	25.14507617	31.78715532	10.74081364	5.995241109	7.068120443	20.80939575	18.78030212	29.79308271	16.84425585	-0.01664	-0.01252	0.00515	-0.03413	-0.01569	0.00049	0.01745	0.01627	-0.01881	0.01347
192	2	400.5255316	31.05346444	23.92714084	14.95845773	22.51892917	31.97973078	10.93714448	5.827435576	6.312487558	19.19834843	20.19893724	30.15160931	18.97993759	0.03401	-0.00259	-0.00774	-0.01919	0.04306	0.02286	0.00329	-0.00976	0.0095	-0.01551
193	2	389.4804441	30.30381748	23.92298926	14.50847326	21.08975731	30.65354288	9.208654705	6.673174906	6.678062798	20.29071595	18.24506851	30.01732541	16.41329035	-0.01331	-0.05375	-0.04115	0.00665	-0.00293	-0.01406	-0.00237	0.00048	-0.00628	0.00155
194	1	407.9540129	29.73333998	22.13135252	15.12030938	24.66874723	31.53533439	10.05096093	5.538823618	6.63213508	20.37497012	19.15194893	30.18148211	17.70591815	-0.02666	-0.00352	0.01037	-0.0245	0.02841	0.00079	0.01427	0.01387	-0.00528	0.02617
195	1	410.8485997	28.97912083	22.13429066	16.02391546	25.67364436	32.1689269	11.07508345	7.289086277	6.529209505	19.38076815	21.21176897	31.24247865	19.13944801	0.05221	0.01181	0.01388	-0.00644	0.00545	0.0171	0.01407	0.00276	-0.00004	0.01086
196	1	408.0866782	30.8691784	21.96248641	16.76166937	25.18204932	32.92327849	10.14476318	7.969429623	7.471840236	19.49132573	18.80271896	29.75435055	17.1136621	-0.02225	0.0215	0.05192	-0.02369	0.0071	-0.00944	-0.02607	0.00353	-0.00797	-0.01693
197	1	420.7574176	29.35529808	23.38509843	15.01019825	23.51631816	31.51188908	10.52291119	6.495289876	7.645068639	18.45500753	19.24608094	30.12642678	17.74554274	-0.0001	0.01919	0.02034	0.00946	-0.01581	-0.01459	-0.00914	-0.00347	0.00326	0.00028
198	2	408.7034442	30.68516841	23.94354278	14.39146705	21.56837991	30.85637364	9.459238197	5.731037902	6.746897784	20.11502527	17.59445074	30.38372228	17.09009707	0.0188	-0.06255	-0.03027	-0.00269	0.00555	-0.00538	-0.00337	0.01352	-0.00454	0.00646
199	2	398.7131082	30.67242882	23.04673414	16.33569061	23.32784954	30.9564848	9.357491876	5.421508134	6.804053256	20.63806396	19.35085391	30.16046975	18.09439912	0.00508	0.00055	-0.00474	0.01687	0.01013	0.00491	0.00092	0.00188	0.00107	0.00522
200	2	389.5787738	29.78517834	22.08250314	15.84568911	25.03977751	32.36112422	11.3213405	6.590085638	7.060755993	19.80377078	19.36248008	28.72168849	18.62594074	-0.02851	-0.0042	0.01724	-0.0378	0.02934	0.01358	0.00553	-0.00963	-0.01768	-0.01008
201	1	395.4238477	29.509013	22.90092712	17.37518256	25.19257668	31.71360754	12.2047765	7.436417887	8.970451073	19.24008806	15.97135533	29.3626307	18.86460928	-0.01603	0.00077	0.04815	0.02819	-0.00797	0.00699	0.03456	0.0092	0.01486	0.00563
202	2	402.0882155	30.75847789	23.74249698	16.51806487	23.97464447	32.59518048	10.05747709	7.377550693	6.472545915	19.17068461	19.73154126	30.3923675	17.37518033	0.00776	0.02739	0.02596	-0.011	0.01564	-0.02551	0.0126	0.00503	0.01945	0.0072
203	1	410.8101864	28.1951001	22.6657103	15.45131838	23.29442413	30.4965108	11.91392364	7.513155612	7.988677878	19.0157015	18.98192054	28.8761193	17.39219679	-0.00296	-0.00817	0.00394	0.0057	-0.002	0.00378	0.01901	0.00123	-0.00508	-0.0057
204	2	403.0186634	30.41211639	23.2747237	14.38940175	22.79840208	31.82958049	12.00493687	6.612975644	7.23329115	20.01768474	21.129239	31.16959302	18.93982078	0.0053	0.03626	-0.01829	-0.00232	0.01478	-0.00202	0.0231	-0.00888	0.02216	-0.01939
205	2	392.6498858	30.9262025	23.61815389	14.89212463	22.52534126	31.28746692	9.46636032	7.684208929	7.266095031	19.75528422	20.67593873	31.86150957	17.17766538	0.02829	-0.00958	-0.00643	-0.00407	0.01422	-0.00654	-0.01682	-0.01032	-0.00344	-0.00665
206	1	417.7892813	30.84120176	21.83797422	14.68639921	24.10137569	31.63914555	11.05488058	4.584700942	6.587612373	19.52098117	21.5930994	30.07149811	16.74143966	-0.02255	0.01453	-0.00065	-0.03655	0.02417	-0.00125	-0.00396	0.01041	-0.00473	-0.019
207	1	427.3250833	29.74359377	21.65376878	15.12289435	24.16950494	30.70883317	10.01914822	7.151132241	7.588409676	20.40871843	21.69553023	29.13584957	17.64727163	-0.00102	-0.0067	-0.00122	-0.01984	-0.00933	0.00277	-0.02109	-0.00712	-0.00451	-0.01851
208	1	427.373624	31.70741463	22.53111894	16.91282605	22.74280468	30.02434061	8.997971227	5.882491124	6.660663679	19.69485766	20.63448146	30.12386124	15.69754225	-0.01361	0.04019	-0.00277	0.00462	0.00746	0.00049	-0.00765	0.009	-0.0104	0.02349
209	2	379.7792909	31.26756271	23.53196915	14.60647683	22.31963974	30.79794118	10.66084571	5.400944182	7.265814334	20.06131043	21.73096455	30.28529814	17.89415396	-0.04884	0.01801	-0.04284	0.03455	0.01674	0.02008	-0.00164	0.008	-0.00242	-0.00239
210	1	411.1486168	30.50627785	22.69696943	14.78532812	24.405625	31.58334564	12.1391624	7.799449091	6.209330991	19.29829371	16.50138874	29.29658806	16.7515302	-0.05229	-0.01495	0.03133	-0.03267	0.00013	-0.00989	0.01655	-0.00351	-0.00657	-0.00249
211	1	404.818531	31.14280101	24.62926352	15.94454911	22.10792548	30.7072222	10.69389668	7.811388455	6.367291401	19.32599182	22.54517093	30.02550166	18.78761697	-0.00853	0.06299	-0.01952	0.00121	-0.00535	-0.01656	0.01177	-0.00936	-0.02033	-0.01673
212	2	399.1606144	29.20271241	22.96781666	16.84804633	23.49422855	31.76670145	10.1133524	8.204308748	6.747959928	19.44317606	19.38029693	30.00650998	16.3198076	0.04073	-0.02896	0.02243	0.00209	-0.02616	-0.02154	-0.00952	0.02106	-0.02067	-0.02625
213	1	398.5459641	29.11681373	20.9252514	15.35957159	24.89072334	31.31666594	9.047729	8.616979897	6.92766067	19.6923872	18.73891998	29.22822545	16.09194204	0.00935	0.00182	0.01277	-0.00499	-0.03646	-0.02607	-0.02255	0.01527	-0.00837	0.01308
214	2	396.5358733	31.34730326	23.03474981	14.18744664	23.56449633	32.1519601	10.69209732	6.883442697	7.345413397	18.72124679	19.20096516	32.95197946	17.54029808	0.02441	0.00623	0.00908	0.01902	0.01453	-0.00943	0.00468	0.01483	0.01955	-0.00099
215	1	410.6469004	31.05346596	23.6294269	14.80458395	24.02202801	31.19565125	9.352075867	8.421147472	6.026562453	19.36663372	17.77456507	30.7155014	16.80179971	0.0111	-0.00292	0.01933	0.0034	0.00647	-0.02923	0.00168	0.01016	0.00183	0.01004
216	2	377.9650448	29.52152062	23.15911509	14.8539385	24.75242732	31.79399733	10.2355803	7.160328132	5.963762678	20.02604064	19.15673836	30.55177389	17.49356009	0.03442	-0.02899	0.01547	-0.01031	0.01531	0.00698	0.00028	0.00937	-0.01095	0.01783
217	1	430.9062703	31.75248958	23.83660497	15.39589499	24.41115892	30.53114684	11.00208212	7.011196792	5.895872013	19.13271484	20.33455035	29.81424279	17.49470151	-0.05179	0.03171	0.01097	0.04186	0.02256	0.00406	-0.02203	0.01817	-0.03508	-0.01673
218	1	401.8208415	31.49540607	23.44391157	14.76291382	23.48020652	31.15321144	10.34957356	6.075968934	7.530631933	19.75840706	18.9334316	31.97075398	16.08477809	-0.02712	0.00688	0.00658	-0.00021	0.01523	0.00231	-0.01413	0.01791	-0.012	-0.00026
