1 014_S_0520 2 77.7 2
2 005_S_1341 1 71.6 2
3 012_S_1175 1 72.7 1
4 012_S_0803 1 84.7 2
5 018_S_0055 2 75.5 1
6 027_S_0118 2 80.4 1
7 027_S_0403 2 76.3 1
8 053_S_0389 1 71.5 2
9 041_S_0262 2 85.8 1
10 005_S_1224 1 81.1 1
12 010_S_0472 2 72.0 1
13 035_S_0048 2 78.3 1
14 098_S_0171 2 78.3 2
15 099_S_0470 1 86.6 2
16 128_S_0245 2 73.8 2
17 137_S_0825 1 87.0 1
18 128_S_0266 1 85.5 1
19 067_S_0243 1 68.0 2
21 016_S_1138 1 67.4 1
22 011_S_0023 2 71.7 1
23 033_S_1116 1 83.4 1
24 007_S_0070 2 74.0 1
25 133_S_1170 1 72.9 1
26 128_S_0522 2 69.9 1
27 141_S_1245 1 71.3 2
28 016_S_0359 2 81.3 2
29 007_S_1304 1 74.7 2
30 012_S_1212 2 75.3 2
31 006_S_0547 1 75.6 1
32 009_S_0751 2 70.9 1
33 123_S_0390 1 80.4 1
36 100_S_0296 1 79.1 1
37 010_S_0422 1 61.6 1
38 010_S_0067 2 74.5 1
39 018_S_0080 1 85.0 1
40 027_S_0116 1 78.4 1
41 018_S_0155 1 81.1 1
42 098_S_0160 1 75.2 1
43 099_S_0372 1 79.0 1
44 128_S_0200 1 61.4 1
45 141_S_1378 1 61.8 2
46 136_S_0873 1 78.1 2
47 057_S_1265 1 82.2 2
48 072_S_0315 2 71.5 1
49 052_S_1250 2 73.2 2
50 128_S_0608 1 68.4 2
52 024_S_1063 2 78.4 2
53 116_S_1271 1 71.2 1
54 023_S_0604 1 86.5 1
55 010_S_0420 2 73.4 1
56 057_S_0643 2 71.4 2
57 123_S_0091 1 62.4 1
58 116_S_1232 2 72.1 2
59 041_S_1435 1 82.4 1
60 021_S_0231 1 60.3 1
61 020_S_0899 2 80.1 2
62 021_S_0276 1 70.9 1
63 027_S_0835 1 72.7 1
64 013_S_1035 2 87.2 1
65 024_S_1400 1 77.9 1
66 018_S_0406 1 77.8 1
67 041_S_1418 1 81.5 1
68 141_S_1255 1 76.4 2
69 002_S_1018 1 70.7 2
70 057_S_1217 1 67.8 2
71 126_S_1077 1 83.3 1
72 011_S_0008 2 84.5 2
73 114_S_0173 2 73.2 1
74 109_S_1157 1 84.9 2
76 005_S_0553 2 84.6 1
77 022_S_0219 1 74.4 1
78 123_S_0106 2 73.2 2
79 052_S_0951 2 84.8 1
80 126_S_0606 1 68.5 2
81 022_S_0750 1 75.6 2
82 123_S_0094 1 70.7 2
83 041_S_1010 1 74.2 1
84 126_S_1340 1 82.4 2
85 027_S_1385 1 69.5 2
86 011_S_0005 2 73.7 1
87 062_S_1299 1 71.8 1
88 033_S_0923 2 83.1 1
89 033_S_0511 1 57.7 1
90 002_S_0619 1 77.5 1
91 032_S_0978 1 73.1 1
92 023_S_0613 1 84.0 2
93 116_S_0834 1 63.9 1
94 023_S_0093 1 77.2 2
95 116_S_0382 2 75.5 2
96 010_S_0829 1 64.9 2
97 024_S_1393 1 82.5 1
98 018_S_0425 2 85.8 1
99 041_S_1420 1 81.3 2
100 109_S_0967 2 76.8 1
101 018_S_0682 1 68.0 1
103 021_S_0424 1 80.6 1
104 057_S_1007 1 72.3 1
105 033_S_0922 1 68.1 1
106 006_S_0484 2 70.7 1
107 133_S_0629 1 70.8 1
108 128_S_1409 1 65.9 1
109 099_S_0040 2 73.2 1
110 068_S_0442 1 74.7 1
111 099_S_0958 1 64.3 1
113 014_S_0548 2 73.6 2
114 073_S_0565 1 74.6 1
115 131_S_0497 1 75.7 1
116 033_S_0723 1 79.1 1
117 130_S_0449 1 66.5 2
118 033_S_0516 2 87.6 1
119 100_S_0069 2 72.9 1
120 011_S_0362 1 70.5 2
121 137_S_0438 1 81.9 1
122 036_S_0672 2 62.0 2
123 018_S_0450 1 68.4 1
124 041_S_0721 1 66.3 1
125 011_S_1080 1 81.4 1
126 012_S_1009 2 75.8 1
127 020_S_1288 2 59.9 1
128 022_S_0044 1 85.8 2
129 027_S_0644 1 75.0 1
130 941_S_1311 1 69.1 1
131 136_S_0874 1 66.1 2
132 053_S_0621 1 62.3 2
133 073_S_0311 2 78.1 2
134 029_S_1215 1 78.5 1
135 067_S_1185 1 62.0 1
136 067_S_0038 1 76.8 1
137 141_S_0915 1 80.6 2
138 067_S_0019 2 73.1 2
139 007_S_1206 2 72.9 1
140 033_S_0920 2 80.0 2
141 007_S_0316 1 80.9 1
142 141_S_1152 1 71.4 2
143 141_S_0853 1 86.8 1
144 136_S_0186 2 80.4 2
145 126_S_0784 1 75.8 2
146 100_S_0006 1 80.4 2
147 013_S_0575 2 86.2 2
149 109_S_1114 1 78.3 2
150 131_S_0123 2 73.3 1
151 002_S_1280 2 70.7 2
152 032_S_0479 2 73.5 2
153 137_S_0481 1 84.8 1
154 128_S_0216 1 84.3 1
155 137_S_1414 1 74.3 1
156 128_S_0310 1 82.7 1
157 100_S_0190 1 78.8 1
158 130_S_0783 1 79.2 2
159 098_S_0884 1 79.0 1
160 007_S_0068 2 74.4 2
161 016_S_1326 1 66.3 1
162 041_S_1002 2 76.3 2
163 027_S_0417 1 79.8 1
164 052_S_1346 1 72.6 1
165 023_S_1289 1 77.4 2
166 037_S_0303 2 84.2 1
167 033_S_1279 1 68.3 2
168 037_S_0150 1 73.9 1
169 067_S_0110 1 82.6 2
170 073_S_0445 1 54.4 1
171 141_S_0696 1 74.0 2
172 072_S_1211 1 86.7 1
173 022_S_0544 1 76.7 2
174 031_S_0830 1 70.8 1
175 033_S_0906 1 65.3 2
176 035_S_0204 1 71.1 2
177 037_S_0539 1 73.4 1
178 941_S_1194 2 84.8 1
179 007_S_0041 1 70.9 2
180 011_S_0168 1 89.3 1
181 006_S_0675 1 78.8 2
182 016_S_1263 1 64.8 2
183 041_S_1423 1 69.4 1
184 027_S_0461 1 80.3 1
185 052_S_1168 1 81.2 2
186 041_S_1260 1 71.2 1
187 126_S_0506 2 71.4 2
189 023_S_0963 2 72.6 1
190 067_S_0177 2 74.8 2
191 029_S_1073 1 65.7 2
192 067_S_0290 1 75.2 1
193 031_S_0618 2 74.8 1
194 033_S_1308 1 79.7 1
195 023_S_0926 2 71.4 2
196 037_S_0454 2 81.8 2
198 126_S_1221 1 71.2 1
199 012_S_0634 1 82.1 1
200 100_S_0047 2 84.7 1
201 011_S_0016 2 65.4 1
203 068_S_1191 2 78.8 1
204 136_S_0184 2 78.3 2
205 141_S_1024 1 68.6 1
206 136_S_0194 1 80.5 2
208 013_S_1120 1 77.9 2
209 137_S_0443 1 63.0 1
210 036_S_0673 1 78.2 1
211 053_S_0507 1 55.2 2
212 023_S_1126 1 80.4 1
213 116_S_0752 1 82.0 2
214 022_S_1394 1 77.1 1
215 116_S_0392 1 84.6 2
216 082_S_1119 1 76.4 1
217 029_S_1184 1 64.4 2
218 130_S_0969 2 70.0 1
219 068_S_0127 2 70.6 1
220 109_S_0876 2 76.1 2
221 062_S_0730 1 70.6 2
222 098_S_0288 1 75.1 1
223 133_S_0638 1 83.1 1
224 027_S_0179 1 80.9 1
225 011_S_0022 2 63.2 1
226 023_S_0061 2 77.0 2
227 123_S_0050 1 77.6 1
228 130_S_0285 1 65.6 1
229 099_S_0534 2 62.8 1
230 002_S_0782 1 81.6 1
231 067_S_0029 1 64.1 1
232 007_S_1339 1 79.5 2
233 012_S_0917 1 70.2 1
234 006_S_0653 1 73.4 2
235 010_S_0161 1 79.1 1
236 126_S_0605 2 75.6 2
237 109_S_1183 1 80.2 1
238 023_S_0139 1 65.9 2
239 029_S_1384 1 72.0 1
240 027_S_1082 1 69.5 2
241 128_S_0500 2 77.4 1
242 023_S_0376 1 70.5 1
244 057_S_0957 1 74.0 1
246 082_S_0304 2 70.8 2
247 082_S_1256 2 71.6 2
248 141_S_0810 2 83.3 1
249 041_S_1391 1 85.1 1
250 016_S_0590 1 78.1 2
251 007_S_0414 1 79.6 2
252 057_S_1269 1 73.4 1
253 007_S_0249 1 72.0 2
255 031_S_0321 1 68.3 1
256 082_S_0363 2 71.6 2
257 062_S_0690 1 79.6 1
258 007_S_1248 1 79.8 2
259 011_S_0861 1 87.1 1
260 006_S_0498 2 70.3 1
261 137_S_0722 1 70.1 1
262 052_S_1251 2 74.2 2
263 072_S_1380 1 84.7 1
264 022_S_0130 2 73.1 1
265 141_S_0726 2 81.0 1
266 129_S_1246 1 72.4 1
267 130_S_0102 1 70.3 2
268 141_S_1004 1 73.9 2
269 130_S_0423 1 79.3 1
270 099_S_0051 1 66.5 1
271 082_S_1079 1 78.0 1
272 141_S_1231 1 83.5 2
273 062_S_0768 2 77.3 1
274 136_S_0195 1 79.6 1
275 018_S_0087 1 75.1 1
276 023_S_1190 2 76.5 2
277 018_S_0335 1 83.4 2
278 052_S_0671 1 61.0 2
279 016_S_0769 1 62.2 1
280 011_S_1282 1 77.0 2
281 141_S_1051 1 75.2 2
282 022_S_0066 2 74.5 1
283 016_S_0702 1 85.0 1
284 033_S_1098 2 72.0 2
285 062_S_1294 1 79.2 1
286 100_S_0747 1 72.6 1
287 136_S_0429 1 62.7 1
288 137_S_0800 1 74.0 1
289 023_S_0126 1 77.5 2
290 941_S_1363 1 69.7 2
291 031_S_1209 1 72.0 2
292 037_S_0627 1 58.4 2
293 035_S_0555 2 77.0 1
294 036_S_0976 1 80.5 1
295 073_S_0089 2 65.1 1
296 029_S_0914 1 74.4 1
297 073_S_0312 2 82.8 1
298 021_S_0178 1 64.8 1
299 021_S_0647 2 72.8 1
300 021_S_0332 1 69.9 1
301 027_S_0850 1 78.1 1
302 131_S_0319 2 70.2 2
303 032_S_1101 1 70.9 2
304 002_S_0559 2 79.3 1
305 032_S_0677 2 70.8 1
306 137_S_0459 2 72.9 1
307 013_S_1186 1 83.2 1
308 022_S_1097 1 73.0 1
309 041_S_1411 1 74.1 1
310 137_S_0841 1 77.0 2
311 013_S_1276 2 71.8 2
312 029_S_0999 1 70.8 1
313 022_S_0543 1 72.2 2
314 082_S_0469 1 78.4 2
315 012_S_1292 1 76.2 1
316 082_S_1377 1 82.6 1
317 131_S_0384 1 79.8 1
318 032_S_1169 2 72.2 2
319 002_S_0413 2 76.3 2
320 032_S_0718 1 80.4 2
321 141_S_1244 1 78.9 1
322 136_S_0695 1 74.3 1
323 126_S_0891 1 79.3 2
324 013_S_1205 1 83.0 1
325 005_S_0222 1 85.9 1
326 041_S_0679 1 62.9 1
327 006_S_1130 1 71.1 2
328 136_S_0107 1 60.7 2
329 128_S_0947 1 82.6 2
330 099_S_0551 1 64.2 1
332 016_S_1117 1 68.9 2
333 002_S_0295 2 84.8 1
334 100_S_1154 1 76.6 1
335 007_S_0101 1 73.6 1
336 128_S_0188 1 86.1 1
337 027_S_1213 1 74.8 2
338 133_S_0912 1 73.9 2
339 029_S_1318 1 82.9 2
340 027_S_0120 2 72.0 1
341 037_S_0327 2 70.0 1
342 033_S_1284 1 85.9 1
343 068_S_0476 1 75.8 2
344 029_S_1056 1 71.1 2
345 067_S_0045 1 85.9 1
346 067_S_0077 1 79.7 1
347 116_S_0370 1 74.5 2
348 023_S_0078 1 76.0 2
349 100_S_0015 2 80.8 1
350 012_S_0689 1 63.6 1
352 114_S_0979 1 86.2 1
353 128_S_1406 1 61.1 2
354 137_S_1041 1 70.9 1
355 005_S_0610 2 79.0 1
356 005_S_0546 1 79.4 1
357 011_S_0021 2 72.6 2
358 036_S_0577 1 72.4 2
359 067_S_0059 2 70.9 2
360 057_S_0941 1 73.3 2
361 100_S_1113 1 79.2 2
362 057_S_1371 1 84.2 1
363 100_S_0930 1 75.0 1
364 023_S_1046 1 71.6 1
365 114_S_0378 1 69.0 2
366 023_S_0081 2 70.6 1
367 109_S_1013 2 77.8 1
368 032_S_0095 2 71.1 1
369 037_S_1225 1 76.4 1
370 035_S_0997 1 80.4 2
371 036_S_1001 1 69.3 1
372 031_S_1066 1 72.4 1
373 037_S_0588 1 64.6 1
374 035_S_0341 1 74.0 1
375 036_S_0945 1 72.4 1
376 116_S_0361 1 74.5 1
377 023_S_0625 1 75.9 1
378 116_S_0648 2 71.5 2
379 011_S_0183 1 72.4 2
380 021_S_0141 1 81.1 1
381 021_S_0626 1 83.2 1
383 133_S_1031 1 77.1 2
384 027_S_1387 1 85.6 1
385 136_S_0300 1 56.4 1
386 073_S_0518 1 69.4 1
387 100_S_1286 2 75.5 2
388 098_S_0667 1 69.0 1
389 098_S_0172 2 70.6 2
390 141_S_0852 1 84.3 2
391 133_S_0525 2 70.0 2
392 128_S_1043 1 68.5 1
393 098_S_0896 2 76.8 1
394 002_S_0955 1 78.2 2
395 100_S_0743 1 85.6 1
396 082_S_0761 2 71.0 1
397 128_S_1088 1 87.9 1
398 022_S_0096 2 79.6 1
399 133_S_0433 2 85.5 2
400 002_S_1155 1 57.8 1
401 099_S_0880 1 84.2 1
402 141_S_0790 1 83.3 2
403 137_S_0283 2 78.4 1
404 024_S_1307 1 75.3 2
405 116_S_1083 1 71.9 2
406 128_S_1408 1 71.4 1
407 126_S_0708 1 76.4 1
408 129_S_1204 1 77.3 1
409 137_S_1426 1 83.4 1
410 128_S_1407 1 74.6 2
411 041_S_0314 1 72.1 1
412 012_S_0720 1 77.4 2
414 082_S_0832 1 79.0 1
415 128_S_1148 1 69.7 2
416 099_S_0291 1 79.4 1
417 014_S_0356 1 80.2 1
420 012_S_1033 1 73.3 2
421 023_S_0855 1 75.6 1
422 037_S_1421 1 74.4 2
423 036_S_0576 2 77.5 1
424 036_S_1023 2 77.1 2
425 011_S_0010 1 73.9 2
426 082_S_0640 2 72.9 2
427 020_S_0883 2 76.1 2
428 100_S_1062 1 81.9 1
429 012_S_1133 2 79.9 2
430 137_S_0366 1 56.5 2
431 036_S_0656 1 82.5 1
432 014_S_0658 1 72.1 1
433 005_S_0324 1 75.3 2
434 041_S_0549 1 68.7 1
435 005_S_0572 1 78.7 1
436 141_S_1094 2 76.0 1
437 035_S_0033 1 83.3 1
438 141_S_1137 1 81.5 2
439 021_S_0343 1 71.8 1
440 109_S_1343 1 64.7 1
441 033_S_0724 1 78.6 1
443 033_S_0567 1 73.6 1
444 067_S_1253 1 62.6 2
445 128_S_0258 1 71.3 2
446 031_S_0351 1 68.4 1
447 067_S_0056 2 69.6 2
448 137_S_0796 1 80.3 1
450 062_S_1099 2 79.2 2
451 023_S_0031 2 77.7 2
452 027_S_1045 1 82.6 2
453 021_S_0159 2 77.9 2
454 033_S_1283 1 59.9 1
455 009_S_0862 2 73.4 2
456 116_S_0890 1 59.7 2
457 023_S_0084 1 75.3 2
458 114_S_0228 1 80.2 2
459 037_S_0566 1 78.8 1
460 035_S_0292 1 76.4 1
461 036_S_0869 1 82.9 2
462 014_S_0563 1 80.6 1
463 005_S_0448 1 85.5 1
464 041_S_0407 1 73.5 1
465 005_S_0602 2 70.7 1
466 099_S_0352 2 77.0 2
467 128_S_0545 2 71.8 1
468 099_S_0090 2 69.8 1
469 130_S_1200 2 84.4 1
470 013_S_1275 1 78.9 2
471 005_S_0221 1 67.4 1
473 013_S_0996 1 90.9 2
474 031_S_0568 1 79.8 2
475 033_S_1285 1 80.0 2
476 024_S_0985 2 81.6 1
477 037_S_0377 1 79.3 1
479 123_S_0298 2 76.4 1
480 109_S_1014 2 84.7 2
481 099_S_1034 1 75.1 1
482 018_S_0057 1 77.3 1
483 023_S_1247 1 72.5 2
484 027_S_0307 1 78.5 1
485 013_S_0592 1 77.9 1
486 018_S_0142 1 79.2 1
487 082_S_0928 1 82.8 2
489 012_S_0712 1 76.6 1
490 036_S_0759 1 81.8 2
491 068_S_0872 1 69.6 1
492 029_S_0845 2 80.3 1
493 133_S_1055 1 84.6 1
494 073_S_0386 2 72.3 2
495 130_S_0505 1 79.7 1
496 022_S_1351 1 71.8 2
497 057_S_0464 1 83.1 1
498 136_S_0426 1 79.6 1
499 057_S_0779 2 79.5 1
500 123_S_0108 1 78.2 1
501 009_S_0842 2 73.6 1
502 027_S_0256 1 70.1 1
503 137_S_0669 1 63.6 1
504 109_S_0777 1 75.1 2
506 022_S_0129 1 80.2 2
507 023_S_0388 1 71.2 1
508 114_S_1103 1 83.0 1
509 109_S_1192 1 69.6 2
510 014_S_0558 2 79.8 1
511 014_S_1095 1 80.3 2
512 005_S_0223 2 78.0 2
513 041_S_0598 1 72.3 1
514 011_S_0856 1 60.3 1
515 023_S_0331 1 64.6 2
516 116_S_0657 2 77.7 2
517 022_S_1366 1 73.6 1
518 116_S_1315 1 83.3 2
519 131_S_1301 2 72.1 2
520 033_S_0733 1 57.1 2
521 002_S_0938 1 82.2 2
522 032_S_0147 1 59.7 2
523 062_S_1182 1 76.0 2
524 007_S_0344 1 78.8 1
525 100_S_1226 1 82.6 1
526 007_S_0128 1 64.1 2
527 013_S_0240 1 88.3 1
528 027_S_0074 2 78.2 1
529 018_S_0369 2 76.0 1
530 041_S_1412 1 59.4 1
531 018_S_0633 1 83.3 1
532 041_S_0898 2 83.1 2
533 027_S_0485 1 64.4 1
534 052_S_1054 1 69.9 1
535 031_S_0821 1 79.2 1
536 033_S_1309 1 69.1 2
537 037_S_0501 1 77.9 1
538 033_S_1086 2 81.4 1
539 033_S_1016 2 78.3 2
540 131_S_0441 2 72.7 2
541 002_S_0685 2 89.6 2
542 131_S_0409 1 79.1 1
543 033_S_0513 1 68.9 1
544 131_S_0457 1 82.7 2
545 002_S_0729 1 65.1 2
546 131_S_0436 2 85.0 1
547 033_S_0514 1 80.7 1
548 133_S_0771 1 74.1 2
550 099_S_0054 1 81.0 2
551 073_S_1357 1 70.6 1
552 137_S_0973 1 76.8 1
553 022_S_0924 1 69.6 1
554 128_S_0528 1 70.8 2
555 099_S_0111 1 75.8 2
556 067_S_0828 1 77.4 2
557 131_S_1389 1 76.1 1
558 033_S_0734 2 72.6 1
559 002_S_1070 1 73.6 1
560 032_S_0187 1 77.1 1
561 036_S_1135 1 75.6 1
562 133_S_0913 1 56.6 2
563 137_S_0972 2 77.9 1
564 022_S_0004 1 67.5 1
565 137_S_0994 1 55.1 2
566 022_S_0961 1 72.8 1
567 100_S_0995 1 78.5 2
569 012_S_1321 1 83.2 1
570 057_S_0474 1 77.3 2
571 123_S_0088 1 65.6 1
572 123_S_0162 1 71.8 1
573 062_S_0535 1 76.8 1
574 073_S_0909 1 69.1 2
575 137_S_0631 1 77.1 1
576 068_S_1075 1 67.1 1
577 941_S_1295 1 76.7 1
578 136_S_1227 1 64.6 2
579 133_S_0792 1 73.5 1
580 067_S_0176 1 74.7 1
581 023_S_1262 1 72.7 2
582 100_S_0892 1 72.8 2
583 011_S_0053 1 80.1 1
585 012_S_0932 1 75.3 1
586 128_S_0715 1 80.0 2
587 023_S_0217 1 83.6 2
588 116_S_0360 2 73.1 1
589 023_S_0083 1 73.2 1
590 114_S_1118 1 82.5 1
591 023_S_0058 2 70.1 1
592 114_S_1106 1 74.0 2
593 114_S_0410 1 61.3 2
594 014_S_0557 1 72.0 1
595 014_S_0519 2 74.1 1
596 021_S_0642 1 84.5 1
597 098_S_0269 1 67.1 1
598 005_S_0814 1 71.0 2
599 021_S_0753 1 65.5 1
600 021_S_1109 1 77.8 2
602 033_S_0739 1 82.8 1
603 002_S_1261 2 71.1 2
604 032_S_0214 1 65.1 1
605 006_S_0731 2 71.5 1
606 014_S_0328 1 76.6 1
608 123_S_0113 2 75.2 1
609 130_S_1290 1 79.3 2
610 033_S_0741 2 80.3 2
611 002_S_1268 1 82.7 1
612 032_S_0400 1 69.2 1
613 041_S_1368 1 75.2 2
614 123_S_1300 1 73.4 2
615 114_S_0416 2 75.6 2
616 133_S_0488 2 70.9 2
617 099_S_0492 1 87.3 1
618 099_S_1144 1 77.4 1
619 031_S_0294 1 79.2 1
620 023_S_0916 1 79.7 1
621 037_S_0182 1 63.6 2
622 033_S_1281 1 77.6 2
623 036_S_1240 1 67.0 2
625 067_S_0257 2 78.5 2
626 023_S_0042 1 72.8 1
627 116_S_1249 2 70.8 2
628 041_S_1425 1 75.6 2
629 126_S_1187 1 76.4 1
631 123_S_0072 2 70.6 1
632 116_S_0487 1 76.4 1
633 067_S_0336 1 76.1 1
634 141_S_0982 1 80.2 2
635 029_S_0866 2 80.0 2
636 041_S_0446 1 88.8 1
637 067_S_0284 1 76.8 2
638 068_S_0802 1 80.9 2
639 029_S_0843 2 70.5 1
640 067_S_0098 1 84.4 2
641 041_S_0282 1 72.1 1
642 005_S_0929 1 82.0 1
644 010_S_0786 1 74.5 1
645 006_S_0681 2 76.8 2
646 013_S_0502 2 74.9 1
648 126_S_0680 2 77.8 1
649 018_S_0103 1 87.3 1
650 130_S_1337 1 71.4 1
651 023_S_0887 1 73.7 2
653 027_S_0404 1 87.8 2
654 012_S_0637 2 76.1 2
655 013_S_0325 1 70.6 2
656 057_S_0839 1 79.4 2
658 016_S_1028 1 76.9 2
659 020_S_0097 2 72.8 2
660 018_S_0286 1 65.9 1
661 036_S_0748 1 79.6 1
662 011_S_0326 1 76.9 1
663 130_S_0232 2 78.0 1
664 062_S_0793 1 68.9 1
665 137_S_0668 1 73.5 1
666 128_S_0740 1 72.2 1
667 027_S_1277 1 86.3 1
668 082_S_0641 1 74.4 1
669 018_S_0043 2 76.2 1
670 053_S_1044 1 65.6 1
671 067_S_0607 1 78.0 2
672 022_S_0014 2 78.5 2
673 136_S_0299 1 89.1 2
674 023_S_1104 1 64.5 2
675 128_S_0135 1 82.3 2
677 014_S_0169 1 71.9 2
678 114_S_0601 2 76.6 2
679 133_S_0493 2 77.5 1
680 128_S_1242 2 71.1 2
681 128_S_0205 1 66.5 2
682 022_S_0007 1 75.4 1
684 128_S_0167 1 76.4 1
685 128_S_0770 1 71.2 1
686 130_S_0289 1 67.7 1
687 068_S_0109 1 70.1 2
688 033_S_0889 1 72.5 2
689 037_S_1078 1 70.6 1
690 137_S_0686 2 72.0 1
691 941_S_1203 2 83.3 1
692 041_S_0125 2 73.7 1
693 114_S_0458 1 82.9 2
694 027_S_1254 1 84.3 1
695 128_S_0138 1 86.3 1
696 137_S_0301 2 73.4 2
697 128_S_0225 1 82.4 2
698 021_S_0273 1 62.8 1
699 126_S_0865 1 73.5 1
700 024_S_1171 1 71.5 1
701 027_S_1081 1 84.5 1
702 011_S_0241 1 81.8 1
703 128_S_1430 1 83.4 2
705 128_S_0863 2 79.1 1
707 002_S_0816 1 70.8 1
708 033_S_0725 1 80.9 1
709 128_S_0230 2 80.0 1
710 128_S_0272 2 70.4 2
711 011_S_0003 1 81.3 1
712 136_S_0196 2 78.0 2
713 114_S_0166 2 72.5 2
714 099_S_0533 2 81.0 2
715 021_S_0337 2 75.8 1
716 023_S_1306 2 74.5 2
717 002_S_0954 1 69.3 2
719 141_S_0767 2 73.0 2
721 136_S_0579 1 65.4 2
722 016_S_1149 1 84.3 1
724 057_S_0818 2 74.0 2
726 057_S_1373 1 75.4 1
727 009_S_1354 1 58.9 2
729 098_S_0149 1 87.7 1
730 029_S_0824 2 76.2 2
731 068_S_0401 1 63.9 1
732 126_S_0709 1 83.8 1
733 010_S_0419 2 70.2 1
734 037_S_0467 2 81.1 2
736 013_S_1161 1 79.8 1
737 036_S_0760 1 69.4 2
738 012_S_1165 1 81.4 1
739 062_S_0578 2 77.0 2
740 941_S_1202 2 77.5 1
741 131_S_0691 1 64.3 1
742 021_S_0984 2 76.6 1
743 035_S_0156 2 74.1 1
744 052_S_0989 1 64.3 2
746 116_S_1243 1 77.3 1
747 141_S_0851 1 72.5 2
748 128_S_0611 1 71.9 2
749 941_S_1197 2 82.4 2
750 130_S_0956 1 63.8 2
751 941_S_1195 2 76.9 1
752 016_S_1092 1 74.3 1
753 128_S_0227 1 79.6 2
754 016_S_0991 1 86.3 2
755 010_S_0904 1 84.1 1
756 009_S_1030 1 67.4 1
757 029_S_0836 1 83.1 1
758 029_S_0878 1 72.3 1
759 007_S_0293 1 87.7 1
760 007_S_0698 1 74.3 1
761 100_S_0035 2 76.9 1
762 109_S_0950 1 73.5 1
763 137_S_0158 1 80.4 2
764 130_S_1201 1 75.5 2
765 023_S_0030 1 80.0 2
766 073_S_0746 1 73.8 2
767 130_S_0886 2 71.3 2
768 128_S_0229 2 74.4 2
769 029_S_1038 1 83.2 1
770 141_S_0717 2 76.0 1
771 029_S_1218 1 85.4 2
772 126_S_0405 2 76.1 1
776 068_S_0210 2 72.4 2
777 099_S_0060 1 70.0 1
779 009_S_1199 1 58.4 1
780 067_S_0076 1 78.3 1
781 052_S_0952 1 81.7 2
782 141_S_0697 1 86.8 1
783 052_S_1352 1 85.9 1
784 016_S_1121 1 56.2 2
785 016_S_0354 1 75.8 1
786 016_S_0538 2 82.7 1
788 136_S_0086 2 80.3 2
789 057_S_1379 1 87.7 1
791 020_S_0213 1 62.9 1
794 037_S_0552 1 60.1 2
795 031_S_0554 1 71.6 1
796 013_S_0860 1 85.2 1
797 068_S_0478 1 56.1 1
798 114_S_0374 1 75.9 2
799 068_S_0473 2 72.6 1
800 036_S_0813 2 72.7 1
801 007_S_1222 2 73.4 2
803 128_S_0517 1 81.8 1
804 027_S_0408 1 82.2 1
805 133_S_0727 1 69.2 2
806 032_S_1037 1 73.7 1
807 116_S_0649 1 86.7 1
808 067_S_0812 1 71.5 2
809 031_S_0867 1 71.8 1
810 009_S_1334 1 64.2 1
813 013_S_0699 1 82.0 1
814 057_S_0934 2 70.0 2
815 141_S_1052 1 69.0 2
816 129_S_0778 2 72.4 1
817 053_S_0919 1 62.4 1
