6649 1
0.248670
0.243319
0.236523
0.237315
0.246602
0.237325
0.225593
0.232985
0.236813
0.237015
0.259730
0.205933
0.228000
0.233355
0.235032
0.242811
0.280349
0.186471
0.213023
0.231549
0.234576
0.234517
0.272542
0.189988
0.223699
0.237091
0.238234
0.255798
0.282091
0.170174
0.201274
0.233625
0.241401
0.249849
0.271744
0.169625
0.212992
0.241224
0.247816
0.265605
0.152614
0.168954
0.220406
0.235892
0.256744
0.142243
0.172884
0.210921
0.235552
0.135606
0.174604
0.397473
0.343799
0.418491
0.360598
0.298514
0.369130
0.321154
0.272063
0.274308
0.241825
0.268958
0.254386
0.265623
0.255075
0.227561
0.218702
0.255251
0.249721
0.250216
0.259296
0.230666
0.240413
0.224898
0.244132
0.239133
0.241652
0.257549
0.204625
0.226652
0.268280
0.264975
0.202261
0.201305
0.279441
0.190274
0.185761
0.287119
0.171009
0.178937
0.172127
0.275687
0.164744
0.166357
0.276723
0.155752
0.158209
0.278464
0.136465
0.144323
0.267175
0.116621
0.129627
0.134245
0.201482
0.247847
0.267314
0.106754
0.122931
0.149107
0.179995
0.221847
0.113893
0.142094
0.180706
0.201057
0.402257
0.404223
0.389020
0.399543
0.389322
0.396462
0.410418
0.366350
0.399197
0.387119
0.366293
0.423588
0.404221
0.380133
0.391533
0.343054
0.415677
0.398259
0.367306
0.387731
0.355913
0.379084
0.387031
0.398416
0.373691
0.376506
0.330138
0.334628
0.358463
0.372865
0.381928
0.375407
0.360878
0.324524
0.322613
0.338326
0.344294
0.384776
0.362992
0.348105
0.316000
0.303239
0.313751
0.356380
0.337034
0.276134
0.295495
0.297463
0.263974
0.297464
0.286153
0.300064
0.292510
0.283565
0.261966
0.206829
0.284243
0.295282
0.278771
0.281892
0.275056
0.227898
0.194536
0.247524
0.285287
0.272323
0.219895
0.216549
0.229200
0.255526
0.230390
0.236434
0.233868
0.210972
0.253172
0.225757
0.218087
0.258603
0.211352
0.214174
0.269132
0.197692
0.191625
0.273239
0.185811
0.245880
0.176609
0.158710
0.257664
0.159251
0.151329
0.278165
0.133551
0.279042
0.264442
0.122555
0.099572
0.257313
0.250234
0.097133
0.089552
0.243151
0.236495
0.104124
0.140598
0.189789
0.209867
0.236389
0.239920
0.143422
0.191048
0.234744
0.236367
0.420815
0.448816
0.423302
0.399471
0.407401
0.424428
0.417006
0.402171
0.368088
0.406097
0.407109
0.389649
0.366122
0.389841
0.392751
0.358352
0.387894
0.405763
0.376875
0.378302
0.411965
0.378368
0.384401
0.420643
0.404008
0.344332
0.427379
0.411168
0.383263
0.332037
0.432043
0.418347
0.374283
0.353585
0.302756
0.266991
0.307787
0.437709
0.414973
0.369026
0.342496
0.253600
0.262283
0.249301
0.284056
0.392871
0.367287
0.299882
0.247848
0.224648
0.247348
0.261308
0.240308
0.192582
0.340896
0.327731
0.325613
0.288722
0.261052
0.319387
0.333327
0.325001
0.315892
0.295914
0.275705
0.216375
0.122546
0.290792
0.315323
0.317816
0.304768
0.241491
0.167187
0.156877
0.267545
0.282863
0.309609
0.171258
0.186681
0.255663
0.260363
0.210743
0.250687
0.251232
0.213943
0.240436
0.242041
0.235693
0.230510
0.231657
0.214768
0.232154
0.219843
0.235917
0.209421
0.193305
0.200669
0.184796
0.218355
0.164872
0.147633
0.248812
0.131772
0.135567
0.105927
0.212794
0.222399
0.085738
0.090308
0.230173
0.212320
0.081255
0.107396
0.250742
0.160895
0.206152
0.260459
0.276513
0.275359
0.187182
0.274255
0.277571
0.273344
0.450877
0.423271
0.465837
0.390270
0.422658
0.426864
0.444035
0.453136
0.416215
0.386474
0.392426
0.425759
0.435776
0.382485
0.389097
0.376072
0.365516
0.406076
0.382494
0.359580
0.425616
0.396109
0.353773
0.433846
0.418401
0.443636
0.417707
0.344280
0.449358
0.443088
0.306566
0.457956
0.438178
0.319510
0.462192
0.443897
0.294406
0.460119
0.447199
0.444579
0.268370
0.460071
0.454815
0.429699
0.378492
0.350158
0.258200
0.464094
0.457382
0.395989
0.373800
0.311727
0.251739
0.199449
0.202466
0.464048
0.378839
0.353050
0.281066
0.235439
0.171061
0.202995
0.252055
0.203984
0.165689
0.369987
0.285164
0.369832
0.351379
0.355254
0.289817
0.268433
0.169173
0.340622
0.360027
0.348649
0.345521
0.312916
0.279431
0.230889
0.106090
0.312842
0.348829
0.161057
0.113251
0.286554
0.159871
0.283323
0.271431
0.170336
0.260358
0.273455
0.192722
0.249835
0.263333
0.245239
0.198872
0.242685
0.198215
0.242248
0.233406
0.222559
0.232139
0.184014
0.208084
0.182052
0.187569
0.183793
0.157264
0.195005
0.111701
0.179540
0.110838
0.085274
0.185404
0.066209
0.084418
0.220678
0.172677
0.076482
0.104247
0.267076
0.105749
0.161674
0.247079
0.343373
0.329922
0.326442
0.298991
0.129070
0.250909
0.323533
0.354210
0.334680
0.309563
0.394143
0.444636
0.417981
0.429367
0.374281
0.378588
0.429777
0.448796
0.427498
0.454189
0.423753
0.379837
0.380950
0.414509
0.443284
0.388300
0.397891
0.386925
0.351030
0.409506
0.397488
0.325356
0.427674
0.412373
0.318295
0.438065
0.429766
0.452324
0.313032
0.472803
0.449968
0.275634
0.477748
0.470070
0.242145
0.477997
0.469188
0.267230
0.490241
0.477692
0.247497
0.500735
0.503148
0.475704
0.510318
0.495615
0.470953
0.237017
0.513205
0.487303
0.471219
0.441081
0.232879
0.478011
0.470028
0.465033
0.409751
0.365463
0.328217
0.200387
0.478415
0.466635
0.453650
0.386231
0.344777
0.293770
0.227499
0.170713
0.165593
0.467689
0.425088
0.357613
0.336196
0.248251
0.197926
0.151870
0.337445
0.307665
0.216527
0.159692
0.395011
0.331785
0.289186
0.382188
0.397565
0.384825
0.365523
0.299329
0.263088
0.174362
0.363192
0.384830
0.381061
0.324147
0.229381
0.109553
0.335003
0.333550
0.372684
0.086216
0.316001
0.316776
0.120504
0.294726
0.299482
0.158024
0.273198
0.294880
0.263155
0.167934
0.257476
0.160135
0.252504
0.253226
0.243953
0.253988
0.145259
0.232137
0.244656
0.134711
0.226843
0.210155
0.203063
0.138040
0.196019
0.132846
0.175921
0.156637
0.142805
0.135893
0.116028
0.094066
0.078669
0.052380
0.122152
0.054694
0.078526
0.185101
0.078350
0.269390
0.080049
0.103293
0.175047
0.318224
0.388417
0.422280
0.386632
0.351442
0.323525
0.133722
0.276737
0.354981
0.410584
0.425523
0.406460
0.333853
0.326899
0.373817
0.439245
0.482058
0.428911
0.444529
0.325033
0.357547
0.404577
0.463377
0.471201
0.446599
0.450306
0.411469
0.355333
0.435500
0.359405
0.360578
0.367032
0.396224
0.291075
0.391674
0.252017
0.409155
0.443355
0.255474
0.482929
0.455739
0.244238
0.509345
0.481747
0.216742
0.508167
0.515720
0.493924
0.208795
0.515682
0.495723
0.194765
0.507279
0.226519
0.504144
0.519052
0.200338
0.512280
0.508398
0.205366
0.514336
0.500847
0.184214
0.519409
0.491341
0.480825
0.153971
0.494361
0.481418
0.454521
0.394718
0.136770
0.134314
0.501287
0.478119
0.429540
0.351906
0.345964
0.257390
0.184195
0.133203
0.111097
0.461744
0.391760
0.335946
0.325141
0.217444
0.149108
0.108069
0.356014
0.257803
0.193731
0.431018
0.390717
0.416682
0.505577
0.354306
0.305324
0.218350
0.426853
0.420297
0.441770
0.367634
0.324479
0.248226
0.186711
0.393830
0.405416
0.413731
0.221823
0.112903
0.366976
0.364991
0.396614
0.070205
0.306773
0.338308
0.353728
0.095792
0.292019
0.310023
0.142961
0.272792
0.287925
0.256046
0.279302
0.162724
0.245326
0.266342
0.235092
0.255095
0.131160
0.245901
0.084773
0.238129
0.229394
0.058243
0.219378
0.066142
0.203005
0.193839
0.071730
0.173251
0.075118
0.140888
0.105453
0.076696
0.168057
0.033194
0.029765
0.062703
0.246035
0.042966
0.071203
0.063084
0.090307
0.178963
0.332637
0.418863
0.472673
0.486138
0.443679
0.380293
0.303624
0.152486
0.280674
0.377416
0.452114
0.485646
0.474583
0.410643
0.342189
0.286875
0.362940
0.453589
0.518377
0.533565
0.504732
0.461989
0.302524
0.287360
0.315378
0.406565
0.491068
0.532764
0.519556
0.483751
0.445254
0.339002
0.303510
0.389144
0.368800
0.334535
0.308461
0.362350
0.215615
0.433802
0.391063
0.170785
0.454938
0.433226
0.159532
0.472611
0.472986
0.503660
0.154156
0.508384
0.515839
0.154564
0.515254
0.143039
0.504675
0.516625
0.506335
0.512724
0.144336
0.505882
0.504498
0.502660
0.504115
0.151705
0.505951
0.507538
0.507861
0.511138
0.516747
0.152650
0.506667
0.519510
0.505956
0.506557
0.503170
0.121022
0.515380
0.495474
0.431807
0.347821
0.116387
0.092804
0.520404
0.475917
0.390816
0.339934
0.319384
0.221437
0.153664
0.094542
0.363263
0.347935
0.243021
0.209718
0.106137
0.232572
0.367887
0.472483
0.380186
0.337368
0.469823
0.450808
0.460905
0.405634
0.350671
0.272848
0.183985
0.400139
0.432864
0.440553
0.388965
0.453029
0.213516
0.133772
0.042348
0.394248
0.398515
0.050921
0.326571
0.365230
0.386562
0.072916
0.300834
0.334702
0.127562
0.276820
0.160403
0.257311
0.166492
0.243930
0.169172
0.233584
0.135831
0.233065
0.232231
0.238813
0.052316
0.242623
0.011669
0.225543
0.031709
0.208924
0.186175
0.054753
0.185096
0.069669
0.147977
0.115475
0.120196
0.175057
0.080876
0.215757
-0.006652
0.226411
0.007989
0.274588
0.037393
0.069505
0.199958
0.324806
0.432247
0.514427
0.550630
0.528263
0.459479
0.349286
0.049060
0.142328
0.263074
0.382795
0.478353
0.538000
0.548085
0.476662
0.427921
0.258726
0.350727
0.465364
0.558848
0.600106
0.593247
0.543762
0.443201
0.298440
0.256215
0.302444
0.410705
0.517220
0.585434
0.600932
0.575367
0.496530
0.396461
0.355812
0.276603
0.330572
0.394877
0.412987
0.379092
0.236261
0.426354
0.404731
0.160718
0.442293
0.100934
0.066461
0.479021
0.075776
0.493416
0.502543
0.106493
0.498920
0.113697
0.495636
0.479177
0.489689
0.110846
0.464456
0.483715
0.448803
0.494730
0.115551
0.461922
0.508053
0.125899
0.487073
0.507357
0.504569
0.521364
0.130857
0.502021
0.515733
0.510507
0.518760
0.512007
0.103856
0.520137
0.514467
0.438561
0.084927
0.531200
0.483570
0.414502
0.344092
0.298401
0.151224
0.088717
0.452582
0.393204
0.322109
0.249708
0.221139
0.093517
0.291214
0.248343
0.473590
0.346482
0.371797
0.224077
0.508157
0.435967
0.434961
0.359209
0.300245
0.185562
0.483558
0.487973
0.426603
0.218466
0.155365
0.382369
0.419828
0.428123
0.501673
0.078044
0.046910
0.294021
0.342362
0.393718
0.408730
0.047829
0.268187
0.312164
0.362292
0.097179
0.245786
0.284609
0.149167
0.225953
0.263315
0.216280
0.244061
0.173393
0.231427
0.223639
0.118493
0.220923
0.035335
0.221282
-0.009357
0.232536
0.210219
0.021962
0.194338
0.066738
0.166063
0.084653
0.160042
0.127886
0.132034
0.192317
0.096135
0.230630
0.060634
0.016021
0.251147
-0.007116
0.312587
0.013179
0.045504
0.177016
0.309533
0.432758
0.537555
0.600975
0.602985
0.525035
0.434282
0.026547
0.112428
0.243097
0.369093
0.488491
0.577758
0.614395
0.550693
0.503656
0.220911
0.339066
0.466198
0.578235
0.645233
0.660295
0.624620
0.516329
0.277263
0.235503
0.275972
0.399875
0.524192
0.621360
0.660300
0.648048
0.581291
0.430910
0.324973
0.288144
0.317341
0.379137
0.257373
0.402478
0.247321
0.409968
0.199305
0.441860
0.125015
0.465062
0.457970
0.196684
0.056031
0.464999
0.109882
0.010527
0.480747
0.034136
0.481293
0.504816
0.488552
0.089049
0.457547
0.486134
0.106401
0.455164
0.437258
0.096587
0.418840
0.100879
0.424021
0.452557
0.494440
0.119867
0.467043
0.490095
0.506124
0.113608
0.468039
0.495158
0.518773
0.507356
0.104260
0.511273
0.509740
0.089750
0.495626
0.518422
0.524066
0.073727
0.504310
0.533476
0.486455
0.442523
0.341585
0.154306
0.075379
0.519133
0.467053
0.403360
0.311323
0.263604
0.227976
0.093247
0.349617
0.303602
0.240324
0.261157
0.391807
0.513181
0.548059
0.490919
0.464095
0.350088
0.322978
0.191800
0.451050
0.503951
0.527482
0.493124
0.499399
0.321208
0.228175
0.160590
0.400900
0.449424
0.460960
0.514636
0.103437
0.301967
0.359338
0.420588
0.432493
0.051443
0.269326
0.326754
0.099115
0.242779
0.146940
0.220098
0.206102
0.183718
0.198217
0.198058
0.209282
0.136807
0.209786
0.038353
0.206591
-0.011672
0.200965
0.217602
0.013318
0.190461
0.133514
0.066957
0.177476
0.202740
0.091159
0.152870
0.258299
0.131720
0.143784
0.292841
0.199475
0.131314
0.260268
0.094312
0.273765
0.033881
0.293697
0.253598
0.001070
0.279410
-0.015496
0.484971
0.368726
-0.004681
0.012789
0.132534
0.273675
0.408787
0.539329
0.634003
0.667356
0.537779
0.487110
0.002828
0.067581
0.206428
0.343419
0.475102
0.591647
0.662496
0.613960
0.531810
0.177637
0.305651
0.445637
0.575988
0.674668
0.711170
0.676001
0.553130
0.181074
0.202198
0.236809
0.377827
0.511926
0.631323
0.701346
0.699789
0.605871
0.475288
0.268466
0.188079
0.493856
0.366598
0.362060
0.426896
0.296860
0.399781
0.344859
0.400940
0.288752
0.429579
0.334413
0.239866
0.442081
0.283266
0.156056
0.459338
0.199358
0.035778
0.449619
0.106194
-0.013092
0.431109
0.029123
0.012564
0.460044
0.055790
0.421263
0.421679
0.074860
0.412184
0.075349
0.401001
0.377309
0.402556
0.094074
0.374982
0.420338
0.385663
0.436055
0.100373
0.438182
0.472122
0.510120
0.446001
0.484766
0.512716
0.084909
0.498586
0.503146
0.057737
0.493284
0.520245
0.515017
0.098544
0.053361
0.504907
0.538005
0.479197
0.448318
0.167874
0.056562
0.459200
0.479383
0.402315
0.337997
0.267822
0.218963
0.447375
0.364999
0.333316
0.222406
0.375709
0.508423
0.552154
0.538167
0.510971
0.327273
0.380969
0.213458
0.496081
0.503316
0.541473
0.533980
0.533921
0.352785
0.258775
0.165619
0.464016
0.503481
0.116319
0.311385
0.383753
0.432859
0.470722
0.101250
0.272817
0.343755
0.410167
0.123615
0.241614
0.161262
0.214101
0.197373
0.199076
0.186437
0.182358
0.165938
0.178506
0.191717
0.080077
0.190070
0.007822
0.180031
0.014722
0.187915
0.304540
0.140287
0.067869
0.162701
0.346628
0.271721
0.215441
0.093222
0.159684
0.322629
0.261440
0.142793
0.383694
0.293416
0.138428
0.322302
0.373409
0.298914
0.094203
0.315864
0.026030
0.379606
-0.022604
0.433307
0.325557
-0.040862
0.461518
0.414497
-0.049455
-0.028435
0.089315
0.227891
0.373028
0.513219
0.634993
0.707111
0.549056
-0.039880
0.028071
0.158469
0.296256
0.441341
0.577907
0.679373
0.664149
0.137991
0.256907
0.411408
0.552071
0.673309
0.738110
0.681722
0.118506
0.118738
0.189882
0.333159
0.480019
0.616027
0.717224
0.702268
0.615503
0.203078
0.095386
0.552064
0.351007
0.496956
0.387191
0.447932
0.385934
0.456596
0.376452
0.411574
0.408645
0.425571
0.351596
0.426523
0.383801
0.269326
0.401312
0.308932
0.177377
0.026164
0.389756
0.214105
0.089487
-0.015408
0.413506
-0.017561
0.001224
0.382045
0.030596
0.384946
0.349960
0.377398
0.040064
0.335818
0.076662
0.332684
0.096283
0.338860
0.403135
0.098619
0.361271
0.408402
0.087090
0.375101
0.414428
0.457163
0.495491
0.433151
0.475259
0.514126
0.064459
0.509572
0.503809
0.043410
0.504239
0.517878
0.502053
0.106037
0.027432
0.520504
0.478711
0.182611
0.041862
0.477905
0.481337
0.410144
0.364860
0.277682
0.201306
0.477242
0.449443
0.377073
0.344977
0.219407
0.359030
0.554228
0.557093
0.374804
0.393854
0.507209
0.473360
0.553642
0.522457
0.580842
0.420215
0.317255
0.175475
0.475189
0.543774
0.509345
0.547457
0.240234
0.126538
0.316058
0.394545
0.444139
0.521527
0.121668
0.283522
0.354930
0.416047
0.159112
0.248421
0.192020
0.213975
0.191573
0.223672
0.175268
0.167426
0.214496
0.163593
0.163417
0.132106
0.157775
0.178212
0.290219
0.048698
0.169127
0.372326
0.219762
0.167645
0.068297
0.014850
0.152362
0.436231
0.300691
0.204128
0.136595
0.056387
0.152049
0.467786
0.374215
0.247237
0.206680
0.094969
0.150684
0.447291
0.247642
0.146016
0.524059
0.390354
0.153184
0.524126
0.448787
0.133656
0.145436
0.470761
0.410773
0.214949
0.032851
0.122488
0.428108
0.447850
0.241541
0.108251
0.124485
0.136742
0.436305
0.427834
0.188594
0.037798
0.065827
0.397876
0.439073
0.207375
0.099120
0.176618
-0.032538
0.410100
0.243796
0.156084
0.050358
-0.068434
0.436128
0.192695
0.091272
0.187714
-0.081393
-0.072325
0.037145
0.172896
0.316166
0.471139
0.616276
0.704152
0.555552
0.258725
0.142405
0.047380
-0.077262
-0.033347
0.102126
0.240173
0.393612
0.543491
0.666821
0.674653
0.190221
0.079531
0.178091
0.258833
0.120726
0.028886
0.179475
0.050059
0.156947
0.203779
0.357925
0.511428
0.652381
0.734473
0.206925
0.089205
0.002616
0.088539
0.143539
0.275965
0.435116
0.581933
0.705446
0.674856
0.597360
0.153114
0.016817
0.137760
0.192088
0.108394
0.111274
0.590324
0.554198
0.070082
-0.016354
0.312927
0.110044
0.544337
0.539572
0.150665
-0.001531
0.115582
0.350052
0.552991
0.500814
0.075769
-0.031208
0.388129
0.526764
0.165369
0.000964
0.073587
0.403781
0.521696
0.462478
0.114726
-0.031807
0.411841
0.504004
0.034169
-0.008916
0.405839
0.522531
0.440532
-0.050902
0.400291
0.480389
0.346530
0.382081
0.390081
0.240435
0.128621
0.018724
0.377374
0.449132
0.280594
0.147604
0.057143
-0.024585
0.371702
0.364106
0.173015
0.075722
0.001853
-0.058385
0.356661
0.239392
-0.035927
0.348167
0.010672
0.020170
0.304178
0.280053
0.075872
0.284014
0.313097
0.095246
0.338591
0.381426
0.079332
0.346788
0.403982
0.450597
0.500655
0.424551
0.476012
0.509720
0.065026
0.440827
0.496069
0.516476
0.507914
0.042460
0.034813
0.522686
0.507727
0.118228
0.002203
0.505972
0.482069
0.454136
0.389809
0.226978
0.182307
0.501914
0.465519
0.428357
0.351606
0.307361
0.193556
0.336629
0.545267
0.573516
0.453682
0.376914
0.544969
0.488726
0.600589
0.520571
0.395281
0.359629
0.177909
0.539166
0.545557
0.509275
0.261682
0.141548
0.407882
0.474588
0.523427
0.532049
0.141469
0.287516
0.300566
0.365347
0.431306
0.498565
0.174829
0.259722
0.314760
0.217801
0.216762
0.150441
0.190521
0.253644
0.169785
0.154717
0.257859
0.148918
0.148336
0.186208
0.150037
0.520220
0.323822
0.147369
0.084730
0.427658
0.208060
0.135672
0.024039
-0.001993
0.151241
0.499780
0.164758
0.108021
0.021613
0.019490
0.151525
0.552171
0.147600
0.155811
0.579190
0.246218
0.210711
0.031195
0.153673
0.612206
0.301769
0.232794
0.157831
0.096351
0.149075
0.254376
0.233094
0.037927
0.150462
0.518277
0.313251
0.249659
0.184459
0.142403
0.458912
0.371582
0.265225
0.115030
0.414840
0.331981
0.241204
0.314929
0.079439
0.419407
0.400627
0.255925
-0.042793
0.399560
0.596201
0.318135
0.338351
-0.124786
0.427538
0.404806
0.284979
-0.107525
-0.086187
-0.028461
0.097815
0.248879
0.409509
0.566208
0.682981
0.549017
0.423144
0.330412
0.340412
-0.096352
-0.075209
0.033944
0.176024
0.329860
0.487589
0.631382
0.674460
0.406167
0.402431
0.299807
0.418745
0.339009
0.332507
0.395669
0.410995
0.263730
0.156336
0.288983
0.454593
0.605132
0.726256
0.450530
0.346873
0.316088
0.107409
0.089400
0.126428
0.215971
0.374520
0.530896
0.665515
0.660185
0.485277
0.439103
0.248181
0.178149
0.098958
0.090524
0.535193
0.526924
0.356912
0.190337
0.291688
0.257078
0.538200
0.488363
0.249134
0.348983
0.567738
0.557008
0.382288
0.197861
0.252492
0.389973
0.602568
0.545502
0.439459
0.259507
0.580594
0.380775
0.211081
0.148461
0.390424
0.531950
0.432765
0.287316
0.146928
0.397021
0.597899
0.361895
0.204669
0.061985
0.023955
0.382285
0.534571
0.258390
0.122049
-0.053665
0.389946
0.602515
0.489969
0.374470
0.549756
0.364063
0.654840
0.508443
0.082066
0.027435
-0.057582
-0.077410
0.332929
0.337634
0.115032
0.019448
-0.015812
-0.136329
0.325701
0.182853
0.028008
0.018556
0.298446
0.280343
0.087324
0.019617
0.272947
0.037385
0.262791
0.245682
0.085950
0.264808
0.298046
0.089913
0.316867
0.367628
0.068460
0.330366
0.394673
0.429626
0.496647
0.358919
0.413820
0.462078
0.510486
0.534870
0.002304
0.066605
0.533321
0.517177
0.051582
0.024150
0.492355
0.509710
0.132349
0.490352
0.482996
0.452641
0.403987
0.330733
0.229889
0.188250
0.462268
0.441969
0.368490
0.290182
0.194435
0.522162
0.487415
0.563251
0.592120
0.475377
0.348759
0.578182
0.513921
0.575801
0.513383
0.388796
0.304420
0.148316
0.498363
0.553094
0.526745
0.553139
0.193170
0.164970
0.377887
0.452582
0.522840
0.528367
0.181736
0.256140
0.323526
0.420924
0.219579
0.288630
0.216572
0.147682
0.189381
0.275628
0.135381
0.165808
0.141863
0.286492
0.137823
0.135239
0.270137
0.200564
0.137973
0.398862
0.134323
0.050060
0.055608
0.115832
0.143761
0.476207
0.225387
0.104813
-0.001586
0.015107
0.122129
0.147327
0.574149
0.084977
-0.016696
0.151886
0.622467
0.511063
0.157151
0.541756
0.272309
0.152433
0.105396
0.159296
0.661902
0.375760
0.213656
0.158895
0.033741
0.166007
0.727419
0.538499
0.298177
0.193452
0.151735
0.142933
0.157259
0.725944
0.387752
0.142621
0.755693
0.530748
0.338839
0.343535
0.130218
0.643546
0.568647
0.395966
0.124639
0.479768
0.363539
0.079274
0.569437
0.565389
0.414905
0.047289
0.595791
0.600513
0.498313
0.361829
-0.044167
-0.155518
0.412191
0.725649
0.585982
0.545672
0.539820
0.612883
0.560786
0.476531
0.442549
-0.149229
-0.112108
0.570589
0.551978
0.474100
0.352357
-0.086407
-0.073085
0.188976
0.345863
0.502759
0.648227
0.655709
0.657035
0.440620
-0.080552
-0.027730
0.109455
0.260194
0.425159
0.581705
0.692226
0.703374
0.476186
0.342457
0.034589
0.711407
0.576416
0.380472
0.654328
0.418487
0.330743
0.162406
0.228876
0.394909
0.549872
0.684043
0.688427
0.559330
0.428725
0.070568
0.106157
0.174931
0.305868
0.473613
0.623592
0.721188
0.681369
0.482748
0.315627
0.189525
0.082817
0.057529
0.164938
0.562842
0.616766
0.509477
0.294656
0.159289
0.484437
0.717085
0.558393
0.546864
0.296812
0.369129
0.611809
0.607415
0.719479
0.546412
0.496919
0.398558
0.676982
0.671790
0.517365
0.267085
0.389071
0.720928
0.571459
0.468556
0.382156
0.682030
0.482253
0.213274
0.370325
0.561494
0.414334
0.651771
0.429819
0.306367
0.151545
0.040156
0.017460
0.364538
0.574201
0.319395
0.189653
0.069740
-0.082479
0.333959
0.682260
0.432052
0.227270
0.083050
0.004295
0.333865
0.625443
0.273198
0.129779
0.408468
-0.011345
-0.099428
-0.097992
0.296481
0.355975
-0.019432
-0.044226
-0.191218
-0.000154
0.277146
0.386850
0.194854
0.028370
-0.024583
0.310179
0.114597
0.025970
0.251253
0.062871
0.234037
0.233231
0.097830
0.256212
0.281673
0.077740
0.298825
0.348351
0.056517
0.319196
0.377066
0.430793
0.496908
0.051697
0.407304
0.471147
0.514005
0.542654
0.027377
0.537889
0.532487
0.456851
0.067269
0.497761
0.512543
0.454391
0.213875
0.130874
0.478204
0.481727
0.427133
0.427328
0.327417
0.263265
0.194037
0.437156
0.387472
0.284423
0.641704
0.597286
0.571158
0.530024
0.568088
0.597101
0.428059
0.310896
0.560447
0.588288
0.527389
0.518492
0.515805
0.351136
0.240290
0.384333
0.478920
0.553875
0.526560
0.172703
0.338360
0.428592
0.513239
0.559717
0.187363
0.222489
0.288332
0.210225
0.191270
0.254742
0.279987
0.130178
0.159721
0.127721
0.136734
0.316744
0.129605
0.126020
0.225301
0.127952
0.213262
0.019579
0.123350
0.135071
0.438775
0.079122
-0.026206
0.034153
0.141468
0.423831
-0.035833
0.066315
0.145887
0.461354
0.214357
0.149236
0.290503
0.159586
0.065048
0.382901
0.194986
0.128817
0.037779
0.166374
0.198623
0.162791
0.158826
0.410834
0.718876
0.117297
0.780775
0.416217
0.087638
0.712397
0.624494
0.693010
0.392540
0.030220
-0.028467
-0.147995
0.370620
-0.097680
-0.115826
-0.069323
0.135606
0.271077
0.439611
0.609032
0.349479
-0.086564
-0.058406
0.083515
0.195507
0.358475
0.519915
0.668334
0.726389
-0.085507
0.008252
0.693225
0.660358
0.329508
0.705728
0.157172
0.323984
0.496799
0.662192
0.687538
0.311541
0.048977
0.132038
0.242824
0.415584
0.562578
0.683345
0.195757
0.087768
0.067028
0.109375
0.294729
0.313031
0.133304
0.068991
0.381612
0.277151
0.403022
0.394992
0.255740
0.376703
0.373506
0.208219
0.360207
0.333876
0.001520
0.018951
-0.106547
0.305876
0.167862
0.037061
-0.037997
-0.101856
0.289293
0.216583
0.075996
-0.015240
0.277523
0.327853
0.108179
-0.131202
-0.140698
0.265567
0.266660
-0.004599
-0.035284
-0.209990
-0.041627
0.249942
0.214342
0.065868
-0.023841
-0.102690
0.025169
0.233443
0.125882
0.227697
0.082843
0.220652
0.225463
0.106583
0.244299
0.266254
0.303172
0.082488
0.281407
0.335929
0.061427
0.375391
0.437403
0.495604
0.038150
0.407062
0.471122
0.516267
0.532236
0.506596
0.114290
0.031542
0.533776
0.521922
0.494353
0.182128
0.062932
0.513404
0.490130
0.444831
0.439471
0.406276
0.278094
0.237487
0.466591
0.421996
0.450315
0.345165
0.251355
0.567863
0.620208
0.588962
0.478195
0.587956
0.585871
0.558949
0.570235
0.638158
0.533180
0.393322
0.269380
0.487542
0.562913
0.576396
0.582154
0.585226
0.310346
0.172017
0.341189
0.435035
0.527829
0.561965
0.178139
0.295860
0.377449
0.483838
0.222701
0.191895
0.250921
0.342654
0.287329
0.166185
0.215459
0.142492
0.345558
0.127025
0.121178
0.282744
0.121851
0.241057
0.045938
0.166385
0.128780
0.399701
0.086073
-0.044580
0.061858
0.138105
0.454571
-0.031906
0.288103
0.195957
0.146425
0.169516
0.109419
0.237894
0.146758
0.155582
0.100425
0.160261
0.278034
0.169700
0.466051
0.160474
0.146704
0.457617
0.136875
0.086860
0.424693
0.043798
0.394273
0.000757
-0.033059
-0.111543
-0.051345
-0.112368
0.365989
-0.083199
0.210847
0.377059
0.569857
-0.099947
-0.091140
-0.002772
0.153057
0.290504
0.479061
0.640331
0.339379
-0.126820
-0.048599
0.070032
0.666064
0.725266
0.695576
0.679678
0.316299
0.134991
0.265857
0.484448
0.641948
0.720629
0.036990
-0.013288
0.029977
0.113483
0.202129
0.344311
0.540632
0.295452
0.207095
0.043527
0.049862
0.068291
0.311972
0.275801
0.376065
0.382353
0.256968
0.390577
0.375155
0.237380
0.358167
0.354913
0.199458
0.338291
0.321541
0.053901
0.306392
-0.109336
0.289245
0.002904
-0.079185
-0.087548
0.025463
-0.038420
-0.123785
0.262990
0.106909
-0.115155
-0.149647
0.240016
0.098752
0.036165
-0.071762
-0.095142
-0.154046
-0.056449
0.071282
0.148984
0.045674
0.217510
0.213910
0.107274
0.213857
0.218924
0.120791
0.236289
0.250920
0.297805
0.097351
0.267472
0.337791
0.036445
0.374946
0.435855
0.491668
0.523326
0.062859
0.017518
0.403126
0.470324
0.508202
0.517132
0.124594
0.037429
0.515650
0.514858
0.470748
0.443455
0.433113
0.356028
0.249447
0.224371
0.522671
0.472396
0.467932
0.424887
0.417403
0.280350
0.269749
0.590336
0.625932
0.507049
0.597368
0.538442
0.456714
0.634559
0.573340
0.585680
0.623933
0.588182
0.564330
0.514338
0.361862
0.131350
0.528173
0.604686
0.601800
0.593396
0.231854
0.142079
0.309153
0.397119
0.476303
0.559665
0.195600
0.192545
0.265059
0.348372
0.440835
0.293132
0.176780
0.215529
0.288298
0.151888
0.366635
0.131180
0.123698
0.358166
0.122789
0.101080
0.128379
0.217585
-0.044903
0.002207
0.240037
0.137516
0.312781
-0.065689
0.109043
0.149045
0.350945
0.145015
0.164876
0.081150
0.152774
0.162208
0.101761
0.159875
0.346010
0.159161
0.164452
0.505078
0.169118
0.187348
0.490912
0.182459
0.188156
0.451798
0.132332
0.063733
0.413640
0.029278
-0.025036
-0.003945
-0.033107
0.378298
-0.107661
-0.079396
-0.108494
0.178969
0.311925
0.346572
-0.123615
-0.101213
-0.016607
0.132702
0.231772
0.394542
0.641551
-0.122476
-0.062580
0.053957
0.576024
0.319774
0.499095
0.700026
0.112084
0.223245
0.388539
0.633152
0.295543
0.023155
-0.067655
-0.010022
0.089511
0.155060
0.295167
0.205283
-0.062232
-0.054297
0.040206
0.271629
0.317084
0.356997
0.250551
0.351948
0.233822
0.346117
0.218222
0.342043
0.189809
0.316133
0.055884
0.286439
0.267825
-0.041370
-0.073184
-0.063772
0.257614
0.001352
0.002007
-0.108236
-0.119464
0.242065
0.092802
-0.045800
-0.124455
-0.086361
-0.022452
0.222282
0.099327
-0.152374
0.216210
-0.057687
0.081756
0.216516
0.123796
0.213362
0.221036
0.239536
0.127578
0.226881
0.257174
0.080780
0.294922
-0.013647
0.344943
0.400457
0.467833
0.508068
0.030332
0.001960
0.365769
0.437703
0.493592
0.516951
0.074473
0.521976
0.519267
0.472651
0.471987
0.316337
0.265153
0.170154
0.519953
0.481050
0.483518
0.411096
0.423803
0.381074
0.271489
0.225688
0.388463
0.417087
0.603535
0.541819
0.586580
0.604780
0.639287
0.569042
0.547244
0.577313
0.407661
0.638059
0.580113
0.623360
0.620463
0.559676
0.494787
0.287463
0.395718
0.511792
0.582356
0.650273
0.168281
0.166676
0.294006
0.359409
0.446168
0.542052
0.144551
0.229845
0.318227
0.393658
0.267287
0.153544
0.194714
0.259977
0.365784
0.142632
0.168744
0.132295
0.394143
0.131458
0.134910
0.326116
0.142390
0.199314
-0.103177
0.152538
0.152199
0.324980
-0.033241
-0.030238
0.204734
0.158992
0.158909
0.099481
0.004367
0.148782
0.164952
0.187359
0.303559
0.169750
0.529845
0.180930
0.518880
0.204360
0.476806
0.151744
0.432367
0.069166
0.031171
-0.028542
0.389471
0.002863
-0.045719
-0.080811
0.350898
-0.114184
-0.148823
0.260922
-0.142772
-0.123711
-0.027816
0.054536
0.201368
0.336690
0.318214
-0.079670
0.012050
0.124468
0.418157
0.385565
0.291186
0.093889
0.179363
0.370931
0.055068
-0.053339
-0.036003
0.074306
0.121934
0.258190
0.376336
0.265317
0.245522
-0.049287
-0.054238
0.016491
0.329463
0.343729
0.239969
0.339237
0.222330
0.323805
0.317000
0.212228
0.346637
0.344351
0.203287
0.330790
0.318249
0.183188
0.299504
0.011876
0.273094
-0.028507
-0.070265
0.253122
0.084288
-0.063638
-0.149375
0.236508
0.192305
-0.095382
0.015153
0.231650
0.085074
-0.126551
0.231503
-0.042853
0.112180
0.224441
0.222732
0.129652
0.216911
0.219651
0.231968
0.237798
0.105408
0.278517
0.321971
0.017885
0.297363
0.365076
0.426608
0.493255
0.025226
0.401937
0.459917
0.512315
0.537301
0.127090
0.048647
0.525466
0.525601
0.493059
0.472697
0.379247
0.274916
0.215977
0.065786
0.514129
0.463635
0.452081
0.349711
0.408853
0.342411
0.243482
0.387679
0.421336
0.532219
0.503097
0.625003
0.641066
0.495813
0.595708
0.548115
0.504328
0.597565
0.683668
0.597338
0.631748
0.617437
0.352138
0.214993
0.436522
0.553330
0.655768
0.650253
0.633461
0.266478
0.192460
0.247291
0.319332
0.398839
0.511530
0.208263
0.217326
0.267691
0.364116
0.328385
0.162744
0.180137
0.150716
0.166792
0.405151
0.146715
0.157291
0.148376
0.378081
0.153119
0.197970
0.162490
0.514691
-0.054497
-0.041363
0.240626
-0.111622
0.074597
0.165632
0.450279
-0.044188
0.143398
0.191337
0.089351
0.178340
0.157340
0.189909
0.527401
0.167763
0.171067
0.537141
0.183338
0.200398
0.494945
0.213223
0.183037
0.446089
0.086725
0.397907
0.035747
0.009866
0.351836
-0.051090
-0.002952
-0.090319
-0.118816
0.243592
0.312067
-0.113544
-0.104518
-0.014914
0.050033
0.191048
0.307897
-0.068617
0.011657
0.117383
0.372343
0.279505
-0.011237
-0.031273
0.099930
0.146106
0.337442
0.387704
0.251671
0.113444
-0.033589
-0.032610
0.059796
0.104890
0.213910
0.369460
0.331748
-0.017504
0.225401
0.409722
0.372878
0.205405
0.367160
0.197761
0.310287
0.332226
0.196801
0.326555
0.193540
0.308225
0.176918
0.293798
-0.064588
0.041052
0.280198
-0.023977
-0.107093
-0.103412
-0.134884
0.265935
0.062733
-0.125892
-0.075273
0.056442
-0.131097
-0.163123
-0.144993
-0.184134
0.255252
-0.068948
0.090950
0.256046
-0.135380
0.245529
0.124712
0.235449
0.243860
0.245867
0.134269
0.236823
0.275189
0.302075
0.078501
0.332356
0.401620
0.455555
0.032695
0.368495
0.426390
0.494687
0.532962
0.549374
0.513583
0.069759
0.066904
0.520169
0.548179
0.531378
0.463713
0.428820
0.344044
0.207962
0.150067
0.055986
0.457679
0.374501
0.361818
0.376983
0.255461
0.213448
0.355242
0.389446
0.591382
0.578727
0.616392
0.553739
0.559304
0.587455
0.323073
0.666949
0.703046
0.636588
0.641491
0.544822
0.453506
0.267965
0.225591
0.418736
0.519458
0.609051
0.709745
0.643319
0.661138
0.230159
0.229552
0.228972
0.286941
0.372172
0.468968
0.559194
0.211933
0.254613
0.323531
0.286981
0.191755
0.395681
0.177930
0.167705
0.412422
0.167338
0.171359
0.170589
0.456685
-0.048653
0.306136
0.177176
-0.078211
0.097115
0.187349
0.573976
-0.035361
0.198084
0.288957
0.020384
0.208644
0.394040
0.189037
0.550555
0.171423
0.514669
0.202363
0.462165
0.190829
0.132229
0.407466
0.085597
0.354067
0.064227
-0.012875
0.305880
-0.057427
-0.067108
-0.051331
-0.076736
-0.053115
-0.040096
0.053421
0.137553
0.288091
0.265291
0.003374
0.089537
0.187723
0.403562
0.399472
0.404784
0.232417
0.016936
-0.020003
-0.007047
0.125666
0.303784
0.425634
0.171685
-0.024650
-0.013196
0.019667
0.137295
0.190731
0.204418
0.356272
0.097753
0.394716
0.183837
0.409818
0.390040
0.177869
0.362995
0.333773
0.183339
0.306652
0.326207
0.188959
0.309887
0.322280
0.184277
0.319105
0.047933
0.309084
-0.126408
-0.072987
-0.099540
0.300099
0.033948
-0.134210
-0.167662
0.290674
-0.017118
-0.155996
-0.146035
0.010845
0.273593
-0.121125
0.285304
0.117646
0.272348
0.263997
0.131787
0.259787
0.259079
0.264921
0.262692
0.130816
0.291242
0.063779
0.313142
0.367644
0.419272
0.497381
0.058890
0.325848
0.410324
0.453294
0.521537
0.546017
0.550986
0.483653
0.078974
0.534135
0.555986
0.531493
0.464880
0.415570
0.359748
0.340103
0.241053
0.204511
0.088558
0.445500
0.348381
0.360674
0.296991
0.213893
0.169480
0.574108
0.516366
0.301830
0.493229
0.639040
0.572171
0.547384
0.400382
0.297022
0.714054
0.688936
0.646756
0.599703
0.585825
0.275403
0.436347
0.578341
0.657786
0.729892
0.645454
0.627028
0.250767
0.290414
0.328518
0.414998
0.521752
0.607948
0.271410
0.246256
0.294395
0.380652
0.364384
0.206061
0.228692
0.272756
0.198532
0.215124
0.433509
0.195387
0.197750
0.385551
0.200635
0.180955
0.206555
0.532942
-0.031286
-0.051451
0.222467
-0.073456
0.049388
0.214672
0.497813
-0.032649
0.221421
0.108898
0.194616
0.215345
0.539093
0.192182
0.532352
0.197876
0.478873
0.209224
0.418412
0.169530
0.123720
0.358065
0.100758
0.301380
0.040993
-0.017955
-0.027420
0.004075
0.252578
-0.040438
0.005070
0.003857
0.078710
0.139337
0.261430
0.033129
0.106662
0.182300
0.377794
0.212440
0.381773
0.102538
0.007207
0.031978
0.167731
0.236576
0.180523
0.265314
0.013620
0.026463
0.043917
0.144120
0.187788
0.311496
0.077373
0.157884
0.339985
0.358806
0.153044
0.357070
0.165570
0.321344
0.180700
0.288626
0.361707
0.331003
0.188423
0.353443
0.344826
0.158048
0.335840
-0.012832
0.330447
-0.080932
-0.121902
-0.024185
-0.157226
-0.121397
-0.079950
0.327821
-0.061795
-0.171356
0.318204
-0.081738
0.087656
0.305146
0.297667
0.119885
0.285961
0.280554
0.139733
0.281900
0.298180
0.289774
0.313231
0.122548
0.335800
0.402912
0.451375
0.521454
0.055262
0.370732
0.422640
0.492086
0.534671
0.546407
0.513552
0.059774
0.542401
0.541623
0.466289
0.475958
0.381934
0.332304
0.134010
0.079715
0.468440
0.456081
0.342056
0.297418
0.251984
0.205693
0.097544
0.266305
0.256376
0.456265
0.393523
0.311140
0.679656
0.470586
0.421619
0.329672
0.319091
0.669172
0.577277
0.650182
0.581046
0.280114
0.409871
0.524328
0.628314
0.708351
0.704702
0.624941
0.573363
0.293806
0.252577
0.316071
0.382846
0.452068
0.579578
0.646756
0.739402
0.255849
0.278177
0.344244
0.407205
0.353526
0.251684
0.295759
0.431793
0.234330
0.226398
0.437534
0.227857
0.229089
0.015283
0.319990
0.231024
0.303763
-0.073295
0.088845
0.236350
0.587479
-0.050217
0.241055
0.340875
0.010568
0.241620
0.390790
0.228758
0.549562
0.214028
0.502729
0.215254
0.439568
0.198548
0.372952
0.149037
0.116140
0.308512
0.081736
0.250851
0.030474
0.009494
0.065811
0.067005
0.009777
0.039706
0.063962
0.080551
0.161517
0.257693
0.202120
0.116269
0.190818
0.325149
0.384317
0.398811
0.377532
0.459395
0.404063
0.483300
0.162404
0.065869
0.085596
0.108282
0.221881
0.440350
0.404184
0.377281
0.415059
0.468496
0.193884
0.067583
0.097526
0.137582
0.229537
0.306478
0.134298
0.321102
0.204210
0.350628
0.125244
0.368581
0.141033
0.369990
0.165965
0.362798
0.184587
0.352702
0.195479
0.340015
0.352085
0.111202
0.357929
-0.050826
-0.222589
0.359799
-0.097550
-0.182630
-0.174590
-0.154211
-0.133030
-0.073335
0.358053
0.346875
0.081140
0.335353
0.322393
0.309655
0.121488
0.298160
0.315461
0.309521
0.153350
0.302042
0.326892
0.366879
0.422973
0.487715
0.530863
0.538016
0.495510
0.038118
0.127925
0.330878
0.420304
0.452352
0.515210
0.535864
0.527795
0.465720
0.057871
0.063176
0.451117
0.457178
0.326838
0.188358
0.094680
0.461355
0.403460
0.298303
0.276567
0.239308
0.165721
0.252295
0.290648
0.327679
0.351743
0.454827
0.336319
0.460018
0.351756
0.566431
0.686225
0.369418
0.286988
0.722426
0.687028
0.535001
0.662122
0.539964
0.294410
0.347088
0.426171
0.526009
0.628484
0.662461
0.718654
0.610900
0.359320
0.267043
0.334287
0.386377
0.465479
0.578130
0.645069
0.421463
0.264197
0.280906
0.303676
0.262480
0.277163
0.453193
0.262402
0.263739
0.417165
0.263501
0.134949
0.264808
0.476689
-0.041972
-0.026917
0.224250
0.267614
-0.089268
0.050954
0.590467
0.267006
0.181242
0.216079
0.260732
-0.035330
0.558740
0.243583
0.535346
0.222110
0.467922
0.205530
0.395750
0.176681
0.323987
0.138702
0.122460
0.257981
0.097083
0.061633
0.112814
0.126198
0.201246
0.092062
0.129154
0.133821
0.200561
0.247624
0.366573
0.160752
0.224333
0.287111
0.153587
0.450018
0.159889
0.138935
0.166760
0.259674
0.330469
0.117065
0.331927
0.130368
0.157695
0.181298
0.252135
0.289225
0.395269
0.435320
0.209677
0.100998
0.399560
0.402796
0.114261
0.403306
0.145852
0.393621
0.174744
0.371769
0.199326
0.358055
0.368317
0.204395
0.091258
0.388891
-0.085511
0.393988
-0.132392
-0.205435
-0.180613
0.396228
-0.217148
0.389150
-0.034574
0.382296
0.364582
0.095164
0.343878
0.349546
0.147808
0.337135
0.284861
0.306475
0.297470
0.376602
0.164804
0.322207
0.422576
0.455665
0.505629
0.520891
0.498555
0.098074
0.432264
0.484883
0.525116
0.530660
0.470790
0.429922
0.054295
0.041324
0.450991
0.430014
0.385442
0.307108
0.224413
0.154111
0.033398
0.426451
0.331126
0.293363
0.277661
0.194393
0.290617
0.384563
0.240648
0.530205
0.294318
0.447552
0.272157
0.627614
0.526653
0.302352
0.295704
0.694266
0.546757
0.520245
0.648414
0.287783
0.354256
0.337886
0.432482
0.469849
0.569779
0.643191
0.679082
0.649076
0.509785
0.330352
0.353481
0.427485
0.530109
0.605383
0.642014
0.417063
0.316603
0.288961
0.397179
0.447207
0.294671
0.296723
0.296531
0.302743
0.455533
0.299261
0.297210
0.350323
0.295861
0.121686
-0.094992
0.098505
0.294727
0.478093
-0.037317
-0.062504
0.289258
0.611483
0.488871
-0.006977
0.282751
0.017423
0.288689
0.266393
0.553353
0.260534
0.218423
0.504113
0.206155
0.425571
0.200455
0.348913
0.182894
0.276402
0.168374
0.170356
0.212126
0.149724
0.165170
0.193324
0.205645
0.150669
0.184621
0.197203
0.217717
0.285505
0.340341
0.156551
0.249057
0.302211
0.416113
0.430155
0.110882
0.318626
0.204926
0.231458
0.255944
0.296664
0.336808
0.423791
0.231475
0.217650
0.244419
0.275672
0.317154
0.378512
0.085158
0.417963
0.430517
0.089849
0.414511
0.123535
0.415295
0.161299
0.405890
0.192216
0.396239
0.408394
0.220692
0.191385
0.424028
0.063381
0.429802
-0.140747
0.433239
-0.262488
0.432279
-0.147457
0.422598
0.409894
0.059128
0.416076
0.395577
0.369848
0.144505
0.347674
0.311926
0.302436
0.180230
0.284567
0.350369
0.442620
0.164032
0.405370
0.453690
0.486793
0.519198
0.500584
0.437189
0.079343
0.462511
0.507721
0.515877
0.468264
0.418800
0.119134
0.006656
0.400273
0.403726
0.346503
0.321258
0.265706
0.204978
0.035494
0.402011
0.342002
0.332734
0.302051
0.231680
0.435806
0.297182
0.497829
0.290889
0.518369
0.649955
0.344768
0.370635
0.293480
0.467193
0.600755
0.558830
0.314976
0.422435
0.527099
0.664222
0.478446
0.389357
0.334203
0.406951
0.473363
0.547252
0.610734
0.634159
0.572320
0.301143
0.317928
0.369369
0.428813
0.581768
0.622386
0.632486
0.443247
0.324645
0.286536
0.453791
0.326909
0.330410
0.459417
0.330365
0.322807
0.440736
0.329981
0.326770
0.244856
-0.094039
-0.106225
0.268059
0.532709
0.003962
-0.145499
0.041467
0.317695
0.492853
0.295950
0.634907
0.271432
0.373976
0.009507
0.275910
-0.006311
0.371848
0.277594
0.522589
0.222776
0.159999
0.464359
0.186027
0.381227
0.194106
0.302691
0.181256
0.186766
0.231564
0.197266
0.210949
0.250708
0.265020
0.169126
0.188395
0.238603
0.262013
0.273200
0.332393
0.356676
0.297673
0.344969
0.376784
0.400172
0.458366
0.539992
0.116444
0.410136
0.557894
0.302035
0.293067
0.319274
0.342952
0.374741
0.471453
0.428218
0.409420
0.465678
0.537567
0.079796
0.376841
0.281976
0.308239
0.330483
0.356558
0.391889
0.411573
0.439688
0.074655
0.430001
0.393093
0.104463
0.374965
0.314453
0.147326
0.384281
0.181888
0.411074
0.432381
0.211763
0.450490
0.190295
0.101703
0.461655
-0.070051
0.465911
-0.225533
0.470483
-0.178710
0.463563
0.026477
0.448460
0.438920
0.374207
0.148192
0.399574
0.357135
0.311805
0.325055
0.187760
0.296203
0.376799
0.194888
0.434638
0.474193
0.522455
0.514413
0.458420
0.482644
0.523926
0.491779
0.425772
-0.001892
0.156723
0.460536
0.389022
0.400518
0.183784
0.031010
0.053015
0.388204
0.402907
0.357881
0.327620
0.293799
0.236808
0.103204
0.398943
0.321073
0.307922
0.272878
0.424806
0.351002
0.615841
0.310522
0.405942
0.322469
0.510318
0.664216
0.355602
0.318771
0.488527
0.518335
0.389584
0.559024
0.347110
0.456677
0.510581
0.548220
0.588018
0.609160
0.405234
0.419251
0.315836
0.363247
0.426481
0.557587
0.580440
0.523973
0.352503
0.281125
0.340685
0.395486
0.454053
0.336221
0.300820
0.343165
0.352423
0.443880
0.357294
0.347525
0.391488
0.356250
0.283424
0.346507
0.157423
-0.160614
0.023773
-0.103988
-0.110468
0.334393
0.483222
0.302599
0.619884
0.356397
0.039085
0.294078
0.017155
0.338024
0.264110
0.475346
0.192536
0.411728
0.185868
0.331085
0.163596
0.255557
0.166697
0.198358
0.188513
0.233778
0.310843
0.333222
0.342827
0.277463
0.324301
0.337512
0.352549
0.404531
0.470252
0.131237
0.382730
0.411397
0.465385
0.540257
0.087510
0.327643
0.362757
0.383333
0.402526
0.418213
0.449164
0.345151
0.372297
0.393260
0.409710
0.429355
0.490058
0.070607
0.368307
0.385984
0.091997
0.316697
0.295155
0.138980
0.261307
0.270304
0.177557
0.360544
0.404049
0.198052
0.445331
0.160052
0.040863
0.474550
0.492567
-0.071952
-0.196245
0.498541
-0.171409
0.497493
-0.005797
0.482491
0.467607
0.142605
0.434411
0.378576
0.196742
0.331453
0.302252
0.398980
0.205672
0.293349
0.353861
0.445923
0.508014
0.531601
0.204803
0.472542
0.515162
0.522594
0.463279
0.194344
0.492985
0.434131
0.381024
0.041635
0.128019
0.403795
0.376309
0.403198
0.361777
0.216316
0.089983
0.041585
0.396698
0.392018
0.314560
0.276811
0.251497
0.158480
0.299962
0.272656
0.344297
0.359976
0.605319
0.263871
0.362484
0.341809
0.442883
0.647578
0.366094
0.336904
0.475326
0.502973
0.308888
0.546808
0.392541
0.370759
0.412236
0.460201
0.482678
0.516877
0.534861
0.568441
0.369633
0.434314
0.298296
0.362086
0.383323
0.449643
0.512243
0.530504
0.495363
0.441501
0.333589
0.372972
0.307914
0.450878
0.371219
0.333000
0.441109
0.364077
0.423706
0.369790
0.287709
0.358715
0.337689
0.139580
-0.161206
0.166961
0.318698
0.445281
-0.080026
-0.023008
0.293158
0.525884
0.278623
0.379282
0.018277
0.265926
0.058931
0.282642
0.235679
0.428408
0.156722
0.361246
0.120278
0.105956
0.283511
0.150446
0.140504
0.213778
0.227058
0.338459
0.395268
0.403268
0.154014
0.276752
0.380080
0.402502
0.403560
0.456635
0.455776
0.425290
0.458624
0.511520
0.106642
0.491012
0.388855
0.454038
0.462648
0.468000
0.483103
0.529876
0.078529
0.375029
0.429903
0.457459
0.466163
0.475215
0.492713
0.327206
0.089946
0.333044
0.323100
0.136790
0.300549
0.318403
0.187670
0.270413
0.297524
0.217151
0.278056
0.357791
0.191825
0.329854
0.070783
0.427913
-0.057221
0.469853
-0.096826
-0.172709
0.510641
-0.172445
0.517360
0.509417
-0.003378
0.481506
0.127117
0.451494
0.396257
0.307259
0.192380
0.329248
0.328870
0.203122
0.293903
0.374251
0.498417
0.521664
0.484154
0.414419
0.517233
0.502944
0.472932
0.203298
0.446144
0.419283
0.175839
0.430143
0.402284
0.196437
0.091556
0.114363
0.380561
0.387699
0.376410
0.341257
0.266364
0.216020
0.155196
0.060203
0.385945
0.391810
0.356294
0.297256
0.245487
0.336216
0.609752
0.258359
0.357704
0.331086
0.570409
0.531270
0.226007
0.349951
0.460807
0.362103
0.371873
0.468873
0.452893
0.477650
0.266115
0.428009
0.386534
0.426647
0.443555
0.459628
0.476392
0.487933
0.527552
0.333366
0.381845
0.422045
0.449742
0.463847
0.478766
0.459920
0.442425
0.366439
0.369935
0.357466
0.369815
0.446827
0.346561
0.354073
0.408038
0.342820
0.320877
0.363735
0.329004
-0.051350
0.277393
0.306254
0.284073
0.111999
-0.118695
0.264739
0.487194
-0.093814
0.078782
0.246803
0.630073
0.227047
0.615755
0.044473
0.169718
0.320070
-0.016007
0.168542
0.302991
0.137522
0.061025
0.394872
0.076304
0.048873
0.312420
0.067384
0.081733
0.241053
0.150932
0.189942
0.181884
0.221912
0.406831
0.468129
0.460322
0.301883
0.435675
0.468129
0.461903
0.501844
0.133841
0.487906
0.529732
0.575022
0.100856
0.448470
0.520484
0.505622
0.512048
0.553521
0.343709
0.484773
0.513663
0.500722
0.527335
0.102074
0.386127
0.312317
0.145071
0.335032
0.342377
0.210549
0.344062
0.325351
0.249004
0.265181
0.319400
0.268220
0.279523
0.169509
0.298805
0.342820
0.028502
0.341570
-0.088625
0.457816
-0.136121
0.503416
0.524174
0.031239
0.501902
0.460023
0.176557
0.418802
0.170128
0.351804
0.366675
0.195136
0.330367
0.414387
0.537223
0.201845
0.453737
0.561291
0.476183
0.203608
0.517413
0.431843
0.394922
0.190372
0.403172
0.396562
0.394083
0.172788
0.404601
0.380573
0.365238
0.345615
0.235132
0.176710
0.137760
0.122502
0.373765
0.375491
0.323685
0.294799
0.221036
0.183303
0.110981
0.333405
0.258326
0.235158
0.313132
0.453579
0.593114
0.298912
0.273561
0.352918
0.330366
0.538603
0.471503
0.369008
0.249453
0.415118
0.441487
0.435401
0.442207
0.433135
0.292522
0.439596
0.424430
0.433346
0.427097
0.434006
0.416474
0.428221
0.464089
0.438780
0.431510
0.451676
0.412090
0.401746
0.445748
0.429802
0.463150
0.416376
0.458683
0.302177
0.366323
0.437274
0.292577
0.314967
0.383957
0.275308
0.321696
0.242691
0.081418
0.039898
0.199836
0.474441
-0.059698
0.175931
0.155400
0.547962
0.124201
-0.027852
0.118306
0.104172
0.207872
-0.025896
0.113320
0.082865
0.079060
0.300506
0.196883
0.055427
0.046818
0.119788
0.040532
0.060207
0.337964
0.055036
0.111383
0.269494
0.121228
0.153041
0.169406
0.212293
0.181861
0.186770
0.319188
0.517575
0.166475
0.301916
0.470886
0.508527
0.520772
0.545527
0.493452
0.545231
0.136119
0.244284
0.585529
0.181993
0.458631
0.572295
0.548453
0.546639
0.128996
0.176267
0.198093
0.500905
0.532734
0.527702
0.562300
0.253892
0.156094
0.388201
0.161767
0.137553
0.217318
0.315661
0.264696
0.181528
0.326538
0.232003
0.135834
0.337542
0.295071
0.176611
0.336404
0.263338
0.220047
0.335441
0.187263
0.339241
0.336343
0.202786
0.349079
0.204899
0.339759
0.357337
0.189318
0.331724
0.080766
0.288601
0.324990
-0.004152
0.323752
0.381579
-0.025000
0.453378
0.046873
0.481112
0.458763
0.212411
0.445437
0.240108
0.400803
0.415651
0.215289
0.351085
0.466168
0.547136
0.230161
0.501155
0.554166
0.247292
0.525518
0.419294
0.255289
0.202265
0.466261
0.392392
0.372688
0.219043
0.384201
0.377176
0.366624
0.161638
0.202402
0.378059
0.357736
0.357526
0.319440
0.264562
0.177844
0.171814
0.142514
0.355622
0.346825
0.301556
0.220700
0.160473
0.532710
0.240900
0.308161
0.447534
0.556892
0.268593
0.268189
0.346800
0.336344
0.521973
0.423935
0.387156
0.414106
0.409455
0.419001
0.380499
0.433774
0.284289
0.433000
0.454445
0.403766
0.415554
0.406224
0.379062
0.412512
0.381842
0.428408
0.466645
0.387333
0.437018
0.474292
0.443425
0.485946
0.468621
0.455460
0.469311
0.365954
0.427608
0.292978
0.335099
0.234646
0.382245
0.137713
0.188081
0.186396
0.285562
0.278737
0.268506
0.024535
0.190154
0.540632
0.029775
0.126309
0.198366
0.353531
-0.046761
0.230239
0.044507
0.099015
0.154835
-0.008727
0.120669
0.314954
0.024003
0.100100
0.079742
0.073292
0.144011
0.323400
0.245187
0.098790
0.111371
0.155669
0.150450
0.085382
0.166514
0.303147
0.221697
0.198433
0.142060
0.222902
0.196794
0.245022
0.180729
0.253360
0.223971
0.200506
0.340841
0.554592
0.537850
0.478654
0.545264
0.546079
0.173553
0.361815
0.411421
0.544975
0.320993
0.328707
0.354929
0.584496
0.523729
0.164580
0.255796
0.254283
0.317427
0.587908
0.584332
0.547969
0.294868
0.283495
0.525767
0.544422
0.187061
0.362349
0.240380
0.393143
0.381318
0.284627
0.313222
0.375651
0.257606
0.275978
0.338289
0.410648
0.267803
0.322228
0.333734
0.366720
0.275515
0.302466
0.341816
-0.000793
0.419652
0.227326
0.312135
0.340324
0.104527
0.133204
0.361100
0.244822
0.364737
0.123871
0.280988
0.347093
0.328839
0.350125
0.276600
0.367731
0.214873
0.344376
0.090995
0.331501
0.064672
0.303221
0.078082
0.352990
0.332584
0.148287
0.369899
0.392234
0.118329
0.405597
0.477193
0.153818
0.448774
0.485518
0.204077
0.447689
0.488010
0.404532
0.513883
0.528339
0.255577
0.526901
0.529235
0.266106
0.511325
0.269734
0.482076
0.405915
0.250977
0.441130
0.383154
0.346625
0.345581
0.200313
0.252232
0.367793
0.358353
0.351042
0.341714
0.313352
0.244554
0.181425
0.175312
0.199928
0.348983
0.341347
0.287883
0.218207
0.162506
0.504560
0.218381
0.295586
0.426883
0.514629
0.232570
0.252437
0.350423
0.340977
0.377527
0.416523
0.422484
0.397743
0.406883
0.384107
0.376840
0.436592
0.330804
0.462406
0.398978
0.396395
0.398646
0.373829
0.398839
0.402398
0.429077
0.476978
0.503997
0.486616
0.447132
0.501767
0.448913
0.472761
0.444819
0.418881
0.373320
0.367623
0.180277
0.126796
0.482492
0.300871
0.424529
0.220146
0.106917
0.441852
0.500837
0.276317
0.060642
0.258106
0.601345
0.416331
0.052282
0.133802
0.303360
0.552595
0.018072
0.397009
0.093533
0.204962
0.221521
0.003498
0.088107
0.095519
0.162194
0.215413
0.176941
0.338277
0.100844
0.194199
0.123692
0.137147
0.179512
0.240686
0.308414
0.311781
0.186241
0.227563
0.267582
0.211911
0.281734
0.303198
0.248095
0.298035
0.301149
0.270009
0.287203
0.384031
0.371179
0.257314
0.377333
0.293710
0.386191
0.585721
0.229602
0.511674
0.574606
0.374937
0.448939
0.494871
0.546338
0.222443
0.397581
0.486792
0.404580
0.610554
0.571486
0.356402
0.390137
0.588845
0.607006
0.604229
0.586573
0.230679
0.383267
0.349426
0.570711
0.406139
0.308428
0.484407
0.600968
0.290520
0.330475
0.573060
0.417348
0.298699
0.422670
0.575055
0.301820
0.340133
0.539044
0.017578
0.440136
0.335792
0.412247
0.529110
0.164481
0.110680
0.483343
0.341960
0.373940
0.486389
0.427666
0.325229
0.463474
0.310544
0.487110
0.265748
0.332177
0.407292
0.454950
0.457995
0.301807
0.506820
0.298530
0.107849
0.414134
0.397802
0.148036
0.435600
0.143252
0.348532
0.501799
0.163232
0.420064
0.230053
0.520696
0.192127
0.431897
0.541556
0.200309
0.176853
0.490280
0.539961
0.183203
0.539116
0.231051
0.207727
0.521687
0.494831
0.228072
0.506358
0.488921
0.389957
0.262425
0.464821
0.361905
0.276713
0.434266
0.345594
0.322141
0.332820
0.341044
0.166327
0.245824
0.414457
0.346716
0.331750
0.345652
0.326325
0.288166
0.230007
0.190093
0.185018
0.343855
0.319428
0.269723
0.214131
0.166565
0.475681
0.201513
0.301189
0.411531
0.464803
0.212835
0.269032
0.379424
0.345807
0.441784
0.329186
0.351982
0.422415
0.427799
0.386960
0.401368
0.386028
0.379324
0.420239
0.346567
0.426061
0.453515
0.399131
0.385502
0.396225
0.372099
0.396006
0.404066
0.431377
0.497857
0.470079
0.425299
0.500616
0.488013
0.439830
0.512107
0.467835
0.445542
0.356284
0.220642
0.481841
0.433298
0.415492
0.273712
0.142023
0.510305
0.325911
0.445702
0.393568
0.453079
0.179405
0.184416
0.488175
0.509586
0.440862
0.181754
0.240156
0.373289
0.567795
0.424011
0.215320
0.336414
0.567537
0.387230
0.118116
0.175351
0.268762
0.394071
0.459484
0.141094
0.348852
0.148345
0.408606
0.250244
0.117198
0.335581
0.124824
0.166947
0.287909
0.458186
0.160428
0.342756
0.166686
0.454659
0.275458
0.198962
0.206618
0.328483
0.479692
0.249742
0.261954
0.242898
0.248423
0.484229
0.235935
0.323946
0.377494
0.511019
0.268698
0.340136
0.423225
0.424731
0.500580
0.430640
0.516654
0.426959
0.279226
0.487777
0.591559
0.455429
0.556742
0.562752
0.550437
0.287178
0.403885
0.509904
0.510063
0.532550
0.350324
0.381681
0.585071
0.294841
0.355887
0.428981
0.347510
0.604837
0.581755
0.538234
0.365447
0.374936
0.584417
0.327601
0.363379
0.539113
0.564049
0.389975
0.385000
0.541287
0.301154
0.366786
0.413328
0.395376
0.462217
0.188507
0.174018
0.449595
0.370054
0.369970
0.330905
0.385916
0.054012
0.354910
0.442432
0.530390
0.504994
0.348310
0.318046
0.515843
0.330963
0.505313
0.500591
0.531234
0.501445
0.324109
0.573914
0.359677
0.532230
0.422714
0.522965
0.520905
0.237773
0.397432
0.540057
0.217879
0.226767
0.547972
0.271474
0.548293
0.239636
0.537125
0.258013
0.529890
0.428320
0.212945
0.513065
0.422604
0.261781
0.495430
0.431080
0.282399
0.277874
0.264556
0.469440
0.399981
0.316656
0.309300
0.325635
0.344407
0.317030
0.196431
0.230079
0.272061
0.345454
0.378372
0.309213
0.313510
0.334105
0.340092
0.283746
0.227562
0.211876
0.181110
0.266259
0.314452
0.318822
0.342945
0.318327
0.261930
0.219657
0.193976
0.200810
0.294490
0.246521
0.214075
0.423032
0.234095
0.393610
0.422805
0.246439
0.323097
0.370803
0.357064
0.407781
0.330295
0.326067
0.390832
0.422631
0.378672
0.392155
0.389014
0.372805
0.417919
0.373322
0.388953
0.382055
0.362915
0.383667
0.407437
0.437909
0.401157
0.373508
0.388649
0.379473
0.402744
0.420764
0.446523
0.397791
0.507939
0.457369
0.416336
0.505721
0.450577
0.357305
0.235785
0.509730
0.479075
0.511190
0.449406
0.251852
0.364020
0.525250
0.483269
0.459086
0.160594
0.511465
0.466388
0.247726
0.568489
0.429972
0.234390
0.573436
0.214971
0.303526
0.375841
0.194835
0.589745
0.333227
0.338431
0.155888
0.330151
0.476638
0.290484
0.333685
0.196404
0.380218
0.141926
0.311846
0.173490
0.352111
0.272283
0.152629
0.238639
0.168023
0.217781
0.312756
0.395540
0.201810
0.301257
0.179455
0.369797
0.397722
0.185019
0.233786
0.337300
0.474406
0.597478
0.517193
0.510193
0.210116
0.497198
0.415180
0.568069
0.315043
0.426719
0.596419
0.549295
0.201048
0.554155
0.546575
0.275345
0.376767
0.521685
0.493571
0.591998
0.557385
0.469638
0.385052
0.249919
0.428084
0.565925
0.537955
0.462692
0.410735
0.292938
0.335134
0.408706
0.554181
0.458424
0.407653
0.491721
0.263109
0.318929
0.354767
0.520843
0.557687
0.502257
0.465833
0.306940
0.343728
0.462734
0.533195
0.338126
0.363404
0.393964
0.284894
0.319045
0.316547
0.195436
0.371236
0.388071
0.383569
0.282644
0.178589
0.388563
0.341697
0.433538
0.142807
0.510118
0.311742
0.422619
0.332333
0.546143
0.423706
0.398679
0.368673
0.538626
0.534179
0.540684
0.474082
0.344596
0.497727
0.499468
0.340326
0.481989
0.462826
0.395497
0.535147
0.386548
0.406766
0.291471
0.531159
0.518563
0.497703
0.373269
0.314358
0.251333
0.572524
0.478165
0.316088
0.260386
0.268459
0.537899
0.434055
0.264770
0.504331
0.388584
0.267817
0.268293
0.489031
0.332938
0.227847
0.232458
0.323858
0.227708
0.275132
0.455571
0.306765
0.221149
0.265817
0.341489
0.360266
0.351383
0.309615
0.257971
0.241435
0.207927
0.292220
0.268342
0.306754
0.224103
0.303453
0.341968
0.351675
0.332329
0.280622
0.238067
0.207498
0.239904
0.281190
0.297012
0.262405
0.318638
0.341074
0.343982
0.312435
0.251825
0.214075
0.198823
0.264732
0.298419
0.322300
0.342037
0.335856
0.283365
0.222226
0.205114
0.208512
0.250845
0.211506
0.382232
0.392426
0.383935
0.375832
0.380071
0.388546
0.392142
0.435508
0.410386
0.399587
0.395530
0.468041
0.418490
0.391843
0.366455
0.382733
0.392217
0.430487
0.450091
0.414167
0.416353
0.460450
0.491033
0.434377
0.391180
0.365866
0.377199
0.388070
0.425530
0.465275
0.445907
0.434227
0.463149
0.527313
0.431663
0.375932
0.487129
0.456516
0.382371
0.417766
0.467601
0.481479
0.450920
0.480711
0.534119
0.472583
0.390593
0.418922
0.462222
0.552151
0.545083
0.428338
0.592128
0.389192
0.357727
0.616818
0.621239
0.363791
0.340512
0.642890
0.633738
0.308818
0.643726
0.321943
0.578588
0.425531
0.283475
0.618231
0.500311
0.290213
0.420228
0.252907
0.308788
0.180177
0.431382
0.213576
0.229236
0.275642
0.214655
0.323827
0.588114
0.580987
0.534997
0.326088
0.165126
0.514997
0.596056
0.563147
0.411601
0.222171
0.451787
0.508049
0.474824
0.386730
0.354423
0.393459
0.437148
0.211107
0.405217
0.511425
0.603448
0.515599
0.476935
0.369352
0.388915
0.398511
0.493552
0.563890
0.226290
0.336150
0.582458
0.564643
0.420070
0.380960
0.448969
0.552729
0.258931
0.275497
0.488767
0.530684
0.489349
0.422143
0.537539
0.569092
0.290391
0.267853
0.464837
0.534827
0.517651
0.472961
0.432653
0.533234
0.566223
0.562645
0.415521
0.230156
0.287677
0.263995
0.539447
0.464208
0.429967
0.468075
0.542442
0.576485
0.526994
0.285258
0.232290
0.278532
0.418797
0.492223
0.551788
0.557226
0.428057
0.195926
0.427034
0.505569
0.557615
0.533804
0.537476
0.274747
0.342590
0.539174
0.534246
0.442351
0.548739
0.431764
0.375019
0.439741
0.475762
0.537711
0.521912
0.377572
0.433407
0.455832
0.525160
0.546869
0.391069
0.508691
0.471558
0.428912
0.451552
0.494751
0.542926
0.413085
0.483654
0.493246
0.436870
0.431074
0.462091
0.522601
0.414256
0.429447
0.408912
0.482132
0.457576
0.415472
0.434962
0.480488
0.492915
0.462907
0.436656
0.410724
0.405540
0.346566
0.450563
0.471525
0.419743
0.405282
0.426539
0.472813
0.515025
0.434364
0.447036
0.460055
0.440457
0.225884
0.281383
0.399564
0.460984
0.435834
0.391355
0.391862
0.412820
0.427961
0.488638
0.467822
0.501886
0.433467
0.266390
0.229202
0.324253
0.429035
0.440054
0.397862
0.370812
0.356770
0.397175
0.394181
0.223500
0.190034
0.259796
0.371603
0.423695
0.407818
0.366138
0.337147
0.335055
0.342542
0.250285
0.458878
0.328615
0.191594
0.223523
0.297858
0.394281
0.403700
0.376612
0.336649
0.294865
0.327258
0.252950
0.243069
0.268577
0.202780
0.247863
0.344057
0.389357
0.384288
0.347383
0.295412
0.288311
0.268448
0.240727
0.232141
0.221774
0.282181
0.367254
0.379537
0.362677
0.315740
0.266722
0.277606
0.219612
0.286851
0.366128
0.368109
0.337570
0.280372
0.263709
0.257342
0.367270
0.369407
0.380101
0.442119
0.398800
0.359823
0.365055
0.380993
0.403900
0.465996
0.500293
0.482443
0.486421
0.415094
0.383935
0.446825
0.421253
0.352560
0.361510
0.376299
0.392158
0.454607
0.506246
0.519148
0.500631
0.541416
0.388008
0.386103
0.400351
0.411383
0.353702
0.370563
0.383277
0.437044
0.500454
0.537543
0.530881
0.547026
0.581111
0.358553
0.538071
0.558804
0.558730
0.600571
0.328740
0.573704
0.596936
0.642445
0.294598
0.592414
0.623263
0.648205
0.269659
0.265625
0.598293
0.631774
0.644468
0.258022
0.596034
0.620176
0.566608
0.248745
0.260215
0.599819
0.598710
0.524024
0.223167
0.219505
0.598325
0.580767
0.460157
0.164638
0.601214
0.599332
0.533435
0.220475
0.323265
0.595454
0.578319
0.444951
0.348146
0.429503
0.437825
0.318516
0.294416
0.354019
0.402397
0.476705
0.567125
0.576156
0.584972
0.506299
0.482495
0.539863
0.443815
0.334696
0.317340
0.344510
0.391608
0.439523
0.533711
0.583293
0.553172
0.498477
0.531532
0.574556
0.544369
0.356182
0.357988
0.336156
0.375432
0.415062
0.485971
0.570862
0.573579
0.504478
0.491819
0.540324
0.555052
0.457992
0.254096
0.390126
0.526522
0.571034
0.536194
0.573469
0.532509
0.469556
0.494805
0.543652
0.527568
0.321139
0.300919
0.450099
0.548193
0.549196
0.566599
0.554765
0.468973
0.463870
0.503746
0.545007
0.471764
0.277723
0.308041
0.529853
0.499637
0.558264
0.497070
0.436053
0.463413
0.524881
0.541866
0.368733
0.264761
0.512126
0.480928
0.528421
0.426967
0.438232
0.481190
0.547339
0.508570
0.329251
0.284835
0.430415
0.427361
0.543791
0.457759
0.408178
0.449234
0.521618
0.557592
0.285441
0.396062
0.392926
0.505858
0.399567
0.429075
0.479120
0.548494
0.560416
0.302935
0.310806
0.371481
0.374397
0.446595
0.522870
0.545291
0.436220
0.399652
0.446452
0.521212
0.556624
0.347672
0.329913
0.384548
0.469542
0.541380
0.500422
0.398868
0.428542
0.472753
0.540493
0.375491
0.333773
0.409574
0.504607
0.522837
0.436953
0.412051
0.515145
0.390122
0.373340
0.245447
0.272961
0.287916
0.356124
0.439439
0.516070
0.481274
0.418398
0.408166
0.378990
0.242914
0.268226
0.312841
0.383815
0.474930
0.505850
0.442393
0.413426
0.208440
0.244687
0.275207
0.333294
0.417809
0.498287
0.403918
0.365108
0.344949
0.247878
0.212147
0.240786
0.288721
0.362819
0.455149
0.426309
0.368719
0.363793
0.219806
0.208421
0.237555
0.307002
0.445555
0.443884
0.340106
0.207565
0.198660
0.259745
0.300329
0.195860
0.197312
0.178887
0.364193
0.360367
0.387938
0.368055
0.345349
0.367152
0.371505
0.412061
0.485712
0.331928
0.333597
0.347710
0.342063
0.359183
0.370467
0.382831
0.462984
0.527769
0.568870
0.308506
0.286760
0.310347
0.330450
0.347012
0.368385
0.373894
0.421326
0.505960
0.566079
0.585443
0.291810
0.264328
0.272810
0.304457
0.393574
0.466381
0.551360
0.590782
0.590047
0.256690
0.247445
0.278040
0.453515
0.510321
0.587195
0.596594
0.582552
0.254623
0.237080
0.258400
0.275791
0.492399
0.567530
0.603058
0.582306
0.569081
0.236701
0.245021
0.262922
0.457043
0.523420
0.596630
0.594525
0.559876
0.580807
0.234825
0.232313
0.256046
0.263140
0.475696
0.573083
0.602039
0.565980
0.560087
0.599914
0.208022
0.221343
0.251677
0.263396
0.269199
0.312627
0.345953
0.377567
0.429678
0.529452
0.593464
0.583911
0.541471
0.579653
0.595812
0.221949
0.258147
0.290493
0.268863
0.285092
0.325590
0.346063
0.393229
0.475428
0.567244
0.590482
0.547260
0.540571
0.596275
0.297188
0.347061
0.279849
0.303858
0.334245
0.366659
0.428318
0.523676
0.582893
0.566754
0.520729
0.560867
0.323266
0.579979
0.529050
0.518229
0.450241
0.407987
0.453723
0.449071
0.310084
0.371770
0.354117
0.437283
0.272749
0.279101
0.325523
0.345425
0.421365
0.254145
0.283206
0.310039
0.340562
0.375064
0.271439
0.254014
0.293043
0.308617
0.328928
0.349283
0.254335
0.271644
0.292574
0.302676
0.309373
0.340568
0.315327
0.259317
0.276609
0.284713
0.288112
0.301675
0.320611
0.308416
0.270291
0.270368
0.270342
0.263290
0.300138
0.295411
0.313735
0.269254
0.256981
0.245989
0.275294
0.285200
0.377148
0.318535
0.263253
0.240352
0.225262
0.376906
0.305969
0.272648
0.216866
0.373833
0.314078
0.275233
0.333908
0.354766
0.373753
0.315253
0.339448
0.362204
0.388226
0.429047
0.294336
0.325495
0.347813
0.378139
0.410727
0.472091
0.307513
0.337516
0.366326
0.401744
0.442814
0.284790
0.319902
0.354113
0.388925
0.416350
0.479366
0.290498
0.333732
0.369308
0.403374
0.433514
0.299202
0.344374
0.375124
0.406841
0.448056
-0.127257
-0.158935
