210 0 0
0 0 0
0 0 0
0 0 0
0 0 0
0 0 0
0 0 0
0 0 0
0 0 0
0 0 0
0 0 0
-0.2690127 0.42621788 -0.8640948
0.38930818 -0.4644351 -0.7958823
0.44508123 -0.197642 0.87380185
-0.1330889 -0.9416909 0.310153
-0.8038045 0.30377551 -0.5121602
0.57062556 -0.8184008 -0.0727728
0.54687961 -0.3810004 -0.7459563
-0.6949683 -0.1303239 -0.7076186
0.43697767 0.35428017 0.8271792
1 0.02524808 0.00720311
0.90105229 0.01760896 0.4341475
0.11721439 -0.8020414 0.58624204
0.27023903 0.94412198 -0.1905096
0.43126177 -0.0181504 0.90242629
0.95454844 -0.1524625 -0.2574526
-0.6845408 0.27789372 0.67443927
-0.6034206 0.57751964 -0.5504944
0.81244236 0.07816908 0.57837389
0.93814235 -0.3126157 -0.1511611
0.9385112 0.01396051 -0.3459641
0.13137627 0.69804552 0.70438773
0.5581963 0.67316486 -0.4857523
-0.810801 -0.3905864 -0.4367303
-0.6746202 -0.6754035 -0.2990099
0.06693213 0.05148812 -0.996774
0.85508832 0.21991669 0.47026586
-0.8965181 -0.3365931 -0.2892227
0.82900642 0.55960969 -0.0165742
0.5409625 -0.5320694 -0.6518827
-0.4461645 -0.5145421 -0.7327162
0.43159569 -0.3747941 0.82094085
-0.5293045 -0.5179776 0.67247694
-0.1432533 0.92107901 0.36301694
0.51919816 -0.0359316 -0.8543018
-0.5361615 -0.3526824 0.76735606
0.66410488 0.53947093 -0.5182906
0.19341367 -0.9626328 -0.19136
0.89167454 -0.452316 -0.0318764
-0.3794849 0.60901808 0.69697743
0.27732949 0.10878046 0.95495786
-0.7180985 0.04938432 -0.6946834
0.27294607 -0.0762311 0.95936365
-0.2720477 -0.7592494 -0.5917937
-0.7489551 0.59205103 0.29871595
-0.3895721 -0.920954 0.02768773
-0.0364008 -0.5766726 0.8165862
-0.2121832 -0.5109042 0.8334534
0.06806953 0.40717913 -0.9111866
0.61798109 0.76474573 -0.1842626
0.75283925 0.63278592 -0.183042
-0.3045618 0.94351465 -0.1330848
-0.2284656 0.0357421 0.97324987
0.79312107 -0.4475571 -0.4139335
-0.8889282 0.30810915 0.3399481
-0.435205 -0.171043 -0.8843248
-0.3624338 -0.8837962 -0.2970443
0.5226841 0.17366885 -0.8350628
0.57443013 0.04533114 0.81771906
0.42926389 0.66944463 0.60684904
0.12183902 0.55747023 0.82162737
0.1814986 -0.8776337 0.44441726
-0.6078546 0.70891543 0.35866568
0.52777686 0.79347245 0.30420783
0.58231563 -0.3130469 0.75073265
0.68336425 -0.4337503 -0.5878463
0.33311672 0.87970696 -0.3403502
0.79643533 -0.5362967 0.28065266
-0.6683459 -0.2336254 0.70669814
-0.1209927 0.98373189 -0.1353576
0.79821963 -0.592982 -0.1091195
0.44308849 -0.8965196 0.02479153
-0.2854074 -0.4650723 -0.838415
0.38334006 -0.9129595 -0.142284
-0.3778934 0.12771104 0.91737443
-0.955035 0.29438241 -0.0440065
0.22474632 -0.406867 -0.8857978
-0.3862508 0.8413914 -0.3788933
-0.4724447 -0.8705998 -0.1397901
-0.3236806 0.78364219 -0.5308721
0.91960362 0.39367454 -0.0062365
-0.5381185 0.21589143 0.81517404
-0.93242 -0.3228392 0.16449063
-0.0375808 0.75134795 0.65935825
-0.9801344 -0.1956723 0.04169305
-0.5719328 -0.5598636 -0.6001125
-0.8745401 -0.461779 -0.1504298
-0.101621 -0.8251234 -0.5563577
0.38653018 -0.3041748 -0.8710691
0.01094087 0.888889 -0.4587439
-0.0915144 0.84651754 0.52509286
-0.3896125 -0.4443674 0.80711159
-0.0535218 0.47881184 0.87667781
-0.7060449 0.67916567 -0.2022966
-0.1036187 0.13730424 -0.9854441
-0.8260096 0.11368417 -0.5526965
0.19982794 0.86170224 -0.4671481
0.11333909 0.22239571 0.96870209
-0.6652691 -0.6639206 0.34251393
0.86323782 0.03438406 -0.504309
0.64010259 0.06286726 -0.766163
-0.8586729 0.45974145 0.22805259
0.23518307 0.8695077 0.435126
0.43750172 -0.6497189 0.62221137
-0.2224056 0.229338 0.94796053
0.15781936 0.67178338 -0.7242165
0.78923832 0.2263431 -0.5714552
-0.76692 -0.6258765 -0.1442277
-0.7002318 -0.4318505 -0.5690957
0.74158632 0.27004897 0.61466466
0.86079018 -0.3714428 0.34894106
-0.0546371 0.99827516 0.033924
0.67571872 -0.4105754 0.61279801
0.04255838 -0.7019072 0.71148048
0.38670908 0.26810225 -0.8827608
-0.5679648 0.7646406 -0.3056634
-0.669692 0.1113204 0.73471744
-0.1069138 -0.9893549 -0.1021552
0.95229362 0.17515226 -0.2512925
0.05493122 -0.3139441 -0.9482146
-0.8142903 0.57429567 -0.0883467
-0.1068228 -0.0424509 -0.9937183
-0.3687039 0.73147081 0.57419266
-0.2346768 -0.3420427 0.91028728
-0.8720214 -0.3585605 0.33421912
0.38421545 0.0710549 -0.9208795
0.89901491 -0.1820317 0.39915659
-0.7995297 -0.5201544 -0.3014649
0.5907217 0.39224427 0.7056073
0.69566948 0.56447932 0.44508024
0.05126118 -0.9527586 0.30052066
0.292965 0.61755491 0.7304018
-0.4464617 0.79384039 0.41373748
-0.6293278 -0.7646875 -0.1410276
-0.3919048 -0.7853721 0.47988605
-0.9860772 -0.0199514 0.16716152
0.66928385 -0.6346209 0.38730458
-0.0155429 0.97302222 0.23167981
0.09734543 -0.4714814 0.87687999
0.854382 0.48554107 -0.1870043
0.55695299 0.83060527 -0.0242403
-0.3341502 -0.597786 0.72916726
-0.2224196 0.56950608 0.79175861
-0.9400415 0.2502141 -0.2332472
0.88479878 0.20029799 -0.4215462
0.40577069 0.79162353 0.45757151
-0.0796983 -0.7954841 0.60128417
0.06666447 0.23481291 -0.9701073
-0.9864678 0.11897598 -0.1158249
0.71654789 -0.2297422 0.65914112
0.67309907 -0.7169212 -0.1834422
-0.52845 0.66310241 0.53077784
0.59159584 -0.1346594 0.79534305
0.32704968 -0.8918343 -0.3136231
0.23223813 0.15753834 -0.9601752
-0.11034 0.30806813 -0.9453087
0.51435508 0.78775725 -0.339951
-0.9343542 -0.1604613 -0.3192551
0.89176471 -0.4223763 0.16444856
-0.7084089 0.70624917 -0.0076343
0.17601568 0.94563403 0.27474371
0.25472081 -0.7003494 0.66732104
-0.2412472 0.92580216 -0.2921977
0.70627529 0.70816994 -0.0189711
0.88746074 -0.1478379 -0.4373177
-0.4470642 0.86853361 -0.2155744
-0.1188519 -0.3966765 -0.9106104
-0.801241 0.29782258 0.51961899
-0.0617159 -0.9891319 0.13600986
0.2420695 -0.9702506 -0.0265597
-0.2071595 -0.9780484 0.03457743
-0.7824044 -0.3867312 0.48884731
0.26768215 0.74961812 -0.6058946
-0.0509453 0.62597969 0.77861631
-0.9593371 0.04869836 -0.2792671
0.98630298 -0.1500927 -0.0732664
-0.4542544 -0.8710379 0.188773
-0.6707188 0.57126854 0.47379103
0.7743826 0.52251591 -0.3577682
0.57718001 0.23697571 0.78191758
0.44176495 0.65796233 -0.610425
-0.5594526 -0.6902506 -0.4596262
0.29733058 0.9458093 0.13314893
0.35871968 -0.5498316 0.75478125
0.06155178 -0.1340731 -0.9894065
0.74848973 -0.4805905 0.4576956
-0.5104537 0.82501599 0.24387495
-0.6663618 -0.3975981 0.6313217
0.79269404 -0.127822 -0.5966465
-0.2819033 -0.2914036 -0.9144965
-0.9822206 -0.0959373 -0.1634874
-0.2838739 0.25289126 -0.9252843
-0.7635749 -0.0554014 0.64387374
-0.5063687 0.72269938 -0.4711536
-0.0444205 -0.9144768 -0.4030488
0.17769519 -0.5962583 0.78331973
0.21134675 -0.717637 -0.6640926
0.26225742 -0.8346988 -0.4849622
-0.9542199 -0.2710835 -0.1291025
0.58985136 -0.7995556 0.11608402
0.52527481 -0.4901547 0.69607761